3693 5344 8
0 0
0 0
0 0
0 0
0 0
0 0
0 0
0 0
0 0
0 0
0 0
0 0
0 0
0 0
0 0
0 0
0 0
0 0
0 0
0 0
0 0
0 0
0 0
0 0
0 0
0 0
0 0
0 0
0 0
0 0
0 0
0 0
0 0
0 0
0 0
0 0
0 0
0 0
0 0
0 0
0 0
0 0
0 0
0 0
0 0
0 0
0 0
0 0
0 0
0 0
0 0
0 0
0 0
0 0
0 0
0 0
0 0
0 0
0 0
0 0
0 0
0 0
0 0
0 0
0 0
0 0
0 0
0 0
0 0
0 0
0 0
0 0
0 0
0 0
0 0
0 0
0 0
0 0
0 0
0 0
0 0
0 0
0 0
0 0
0 0
0 0
0 0
0 0
0 0
0 0
0 0
0 0
0 0
0 0
0 0
0 0
0 0
0 0
0 0
0 0
0 0
0 0
0 0
0 0
0 0
0 0
0 0
0 0
0 0
0 0
0 0
0 0
0 0
0 0
0 0
0 0
0 0
0 0
0 0
0 0
0 0
0 0
0 0
0 0
0 0
0 0
0 0
0 0
0 0
0 0
0 0
0 0
0 0
0 0
0 0
0 0
0 0
0 0
0 0
0 0
0 0
0 0
0 0
0 0
0 0
0 0
0 0
0 0
0 0
0 0
0 0
0 0
0 0
0 0
0 0
0 0
0 0
0 0
0 0
0 0
0 0
0 0
0 0
0 0
0 0
0 0
0 0
0 0
0 0
0 0
0 0
0 0
0 0
0 0
0 0
0 0
0 0
0 0
0 0
0 0
0 0
0 0
0 0
0 0
0 0
0 0
0 0
0 0
0 0
0 0
0 0
0 0
0 0
0 0
0 0
0 0
0 0
0 0
0 0
0 0
0 0
0 0
0 0
0 0
0 0
0 0
0 0
0 0
0 0
0 0
0 0
0 0
0 0
0 0
0 0
0 0
0 0
0 0
0 0
0 0
0 0
0 0
0 0
0 0
0 0
0 0
0 0
0 0
0 0
0 0
1 1
1 2
1 2
1 2
1 3
1 2
1 2
1 3
1 4
1 2
1 2
1 3
1 2
1 2
1 3
1 4
1 5
1 2
1 2
1 3
1 2
1 2
1 3
1 4
1 2
1 2
1 3
1 2
1 3
1 4
1 5
1 6
1 2
1 3
1 4
1 5
1 6
1 8
1 10
1 12
1 14
1 16
1 18
1 1
1 2
1 4
1 2
1 1
1 2
1 4
1 2
1 6
1 8
1 1
1 2
1 4
1 6
1 2
1 1
1 2
1 4
1 2
1 6
1 8
1 10
1 12
1 1
1 2
1 4
1 6
1 7
1 2
1 1
1 2
1 4
1 2
1 6
1 8
1 1
1 2
1 4
1 6
1 2
1 1
1 2
1 4
1 2
1 6
1 8
1 10
1 12
1 14
1 16
1 1
1 2
1 4
1 6
1 7
1 8
1 2
1 1
1 2
1 4
1 2
1 6
1 8
1 1
1 2
1 4
1 6
1 2
1 1
1 2
1 4
1 2
1 6
1 8
1 10
1 12
1 1
1 2
1 4
1 6
1 7
1 2
1 1
1 2
1 4
1 2
1 6
1 8
1 1
1 2
1 4
1 6
1 2
1 1
1 2
1 4
1 2
1 1
1 2
1 4
1 5
1 7
1 9
1 11
1 13
1 15
1 17
1 19
1 21
1 6
1 7
1 8
1 9
1 23
1 24
1 2
1 25
1 2
1 2
1 4
1 4
1 5
1 26
1 2
1 4
1 27
1 29
1 31
1 1
1 2
1 4
1 2
1 5
1 6
1 7
1 9
1 24
1 25
1 26
1 4
1 27
1 29
1 31
1 1
1 2
1 4
1 2
1 7
1 9
1 10
1 11
1 13
1 24
1 25
1 26
1 4
1 27
1 29
1 31
1 1
1 2
1 4
1 2
1 11
1 13
1 14
1 15
1 17
1 24
1 25
1 26
1 4
1 27
1 29
1 31
1 1
1 2
1 4
1 2
1 6
1 8
1 6
1 11
1 13
1 14
1 15
1 17
1 24
1 25
1 26
1 4
1 27
1 29
1 31
1 1
1 2
1 4
1 2
1 15
1 17
1 18
1 19
1 21
1 24
1 25
1 26
1 4
1 27
1 29
1 31
1 1
1 2
1 4
1 2
1 6
1 8
1 6
1 15
1 17
1 18
1 19
1 21
1 24
1 25
1 26
1 4
1 27
1 29
1 31
1 1
1 2
1 4
1 2
1 19
1 21
1 22
1 23
1 25
1 27
1 28
1 29
1 4
1 30
1 32
1 34
1 1
1 2
1 4
1 2
1 6
1 8
1 6
1 10
1 12
1 7
1 15
1 17
1 18
1 19
1 21
1 24
1 25
1 26
1 4
1 27
1 29
1 31
1 1
1 2
1 4
1 2
1 19
1 21
1 22
1 23
1 25
1 27
1 28
1 29
1 4
1 30
1 32
1 34
1 1
1 2
1 4
1 2
1 6
1 8
1 6
1 19
1 21
1 22
1 23
1 25
1 27
1 28
1 29
1 4
1 30
1 32
1 34
1 1
1 2
1 4
1 2
1 23
1 25
1 26
1 27
1 29
1 31
1 32
1 33
1 4
1 34
1 36
1 38
1 1
1 2
1 4
1 2
1 6
1 8
1 6
1 10
1 12
1 7
1 19
1 21
1 22
1 23
1 25
1 27
1 28
1 29
1 4
1 30
1 32
1 34
1 1
1 2
1 4
1 2
1 23
1 25
1 26
1 27
1 29
1 31
1 32
1 33
1 4
1 34
1 36
1 38
1 1
1 2
1 4
1 2
1 6
1 8
1 6
1 23
1 25
1 26
1 27
1 29
1 31
1 32
1 33
1 4
1 34
1 36
1 38
1 1
1 2
1 4
1 2
1 27
1 29
1 30
1 31
1 33
1 35
1 36
1 37
1 4
1 38
1 40
1 42
1 2
1 1
1 2
1 4
1 2
1 6
1 8
1 6
1 10
1 12
1 7
1 14
1 16
1 8
1 19
1 21
1 22
1 23
1 25
1 27
1 25
1 29
1 31
1 33
1 6
1 34
1 36
1 4
1 37
1 39
1 41
1 2
1 1
1 2
1 4
1 2
1 23
1 25
1 26
1 27
1 29
1 31
1 25
1 33
1 35
1 37
1 6
1 38
1 40
1 4
1 41
1 43
1 45
1 2
1 1
1 2
1 4
1 2
1 6
1 8
1 6
1 23
1 25
1 26
1 27
1 29
1 31
1 25
1 33
1 35
1 37
1 6
1 38
1 40
1 4
1 41
1 43
1 45
1 2
1 1
1 2
1 4
1 2
1 27
1 29
1 30
1 31
1 33
1 35
1 25
1 37
1 39
1 41
1 6
1 42
1 44
1 4
1 45
1 47
1 49
1 2
1 1
1 2
1 4
1 2
1 6
1 8
1 6
1 10
1 12
1 7
1 23
1 25
1 26
1 27
1 29
1 31
1 25
1 33
1 35
1 37
1 6
1 38
1 40
1 4
1 41
1 43
1 45
1 2
1 1
1 2
1 4
1 2
1 27
1 29
1 30
1 31
1 33
1 35
1 25
1 37
1 39
1 41
1 6
1 42
1 44
1 4
1 45
1 47
1 49
1 2
1 1
1 2
1 4
1 2
1 6
1 8
1 6
1 27
1 29
1 30
1 31
1 33
1 35
1 25
1 37
1 39
1 41
1 6
1 42
1 44
1 4
1 45
1 47
1 49
1 2
1 1
1 2
1 4
1 2
1 31
1 33
1 34
1 35
1 37
1 39
1 25
1 41
1 43
1 45
1 6
1 46
1 48
1 4
1 49
1 51
1 53
1 2
1 1
1 2
1 4
1 2
1 6
1 8
1 6
1 10
1 12
1 7
1 14
1 16
1 8
1 23
1 25
1 26
1 27
1 29
1 31
1 25
1 33
1 35
1 37
1 6
1 38
1 40
1 4
1 41
1 43
1 45
1 2
1 1
1 2
1 4
1 2
1 27
1 29
1 30
1 31
1 33
1 35
1 25
1 37
1 39
1 41
1 6
1 42
1 44
1 4
1 45
1 47
1 49
1 2
1 1
1 2
1 4
1 2
1 6
1 8
1 6
1 27
1 29
1 30
1 31
1 33
1 35
1 25
1 37
1 39
1 41
1 6
1 42
1 44
1 4
1 45
1 47
1 49
1 2
1 1
1 2
1 4
1 2
1 31
1 33
1 34
1 35
1 37
1 39
1 25
1 41
1 43
1 45
1 6
1 46
1 48
1 4
1 49
1 51
1 53
1 2
1 1
1 2
1 4
1 2
1 6
1 8
1 6
1 10
1 12
1 7
1 27
1 29
1 30
1 31
1 33
1 35
1 25
1 37
1 39
1 41
1 6
1 42
1 44
1 4
1 45
1 47
1 49
1 2
1 1
1 2
1 4
1 2
1 31
1 33
1 34
1 35
1 37
1 39
1 25
1 41
1 43
1 45
1 6
1 46
1 48
1 4
1 49
1 51
1 53
1 2
1 1
1 2
1 4
1 2
1 6
1 8
1 6
1 31
1 33
1 34
1 35
1 37
1 39
1 25
1 41
1 43
1 45
1 6
1 46
1 48
1 4
1 49
1 51
1 53
1 2
1 1
1 2
1 4
1 2
1 35
1 37
1 38
1 39
1 41
1 43
1 25
1 45
1 47
1 49
1 6
1 50
1 52
1 4
1 53
1 55
1 57
1 4
1 6
1 25
1 26
1 28
1 3
1 29
1 5
1 6
1 31
1 4
1 32
1 34
1 2
1 36
1 38
1 2
1 1
1 4
1 6
1 25
1 26
1 28
1 3
1 29
1 31
1 4
1 32
1 34
1 2
1 36
1 38
1 4
1 5
1 6
1 8
1 10
1 25
1 26
1 28
1 3
1 29
1 31
1 4
1 32
1 34
1 2
1 36
1 38
1 6
1 8
1 9
1 10
1 12
1 14
1 25
1 26
1 28
1 3
1 29
1 31
1 4
1 32
1 34
1 2
1 36
1 38
1 2
1 4
1 6
1 8
1 9
1 10
1 12
1 14
1 25
1 26
1 28
1 3
1 29
1 31
1 4
1 32
1 34
1 2
1 36
1 38
1 10
1 12
1 13
1 14
1 16
1 18
1 25
1 26
1 28
1 3
1 29
1 31
1 4
1 32
1 34
1 2
1 36
1 38
1 2
1 4
1 10
1 12
1 13
1 14
1 16
1 18
1 25
1 26
1 28
1 3
1 29
1 31
1 4
1 32
1 34
1 2
1 36
1 38
1 14
1 16
1 17
1 18
1 20
1 22
1 25
1 26
1 28
1 3
1 29
1 31
1 4
1 32
1 34
1 2
1 36
1 38
1 2
1 4
1 6
1 8
1 10
1 12
1 13
1 14
1 16
1 18
1 25
1 26
1 28
1 3
1 29
1 31
1 4
1 32
1 34
1 2
1 36
1 38
1 14
1 16
1 17
1 18
1 20
1 22
1 25
1 26
1 28
1 3
1 29
1 31
1 4
1 32
1 34
1 2
1 36
1 38
1 2
1 4
1 14
1 16
1 17
1 18
1 20
1 22
1 25
1 26
1 28
1 3
1 29
1 31
1 4
1 32
1 34
1 2
1 36
1 38
1 18
1 20
1 21
1 22
1 24
1 26
1 25
1 26
1 28
1 3
1 29
1 31
1 4
1 32
1 34
1 2
1 36
1 38
1 2
1 4
1 6
1 8
1 14
1 16
1 17
1 18
1 20
1 22
1 25
1 26
1 28
1 3
1 29
1 31
1 4
1 32
1 34
1 2
1 36
1 38
1 18
1 20
1 21
1 22
1 24
1 26
1 25
1 26
1 28
1 3
1 29
1 31
1 4
1 32
1 34
1 2
1 36
1 38
1 2
1 4
1 18
1 20
1 21
1 22
1 24
1 26
1 25
1 26
1 28
1 3
1 29
1 31
1 4
1 32
1 34
1 2
1 36
1 38
1 22
1 24
1 25
1 26
1 28
1 30
1 25
1 26
1 32
1 3
1 33
1 35
1 4
1 36
1 38
1 2
1 40
1 42
1 2
1 4
1 6
1 8
1 10
1 12
1 14
1 16
1 17
1 18
1 20
1 22
1 25
1 26
1 28
1 3
1 29
1 31
1 4
1 32
1 34
1 2
1 36
1 38
1 18
1 20
1 21
1 22
1 24
1 26
1 25
1 26
1 28
1 3
1 29
1 31
1 4
1 32
1 34
1 2
1 36
1 38
1 2
1 4
1 18
1 20
1 21
1 22
1 24
1 26
1 25
1 26
1 28
1 3
1 29
1 31
1 4
1 32
1 34
1 2
1 36
1 38
1 22
1 24
1 25
1 26
1 28
1 30
1 25
1 26
1 32
1 3
1 33
1 35
1 4
1 36
1 38
1 2
1 40
1 42
1 2
1 4
1 6
1 8
1 18
1 20
1 21
1 22
1 24
1 26
1 25
1 26
1 28
1 3
1 29
1 31
1 4
1 32
1 34
1 2
1 36
1 38
1 22
1 24
1 25
1 26
1 28
1 30
1 25
1 26
1 32
1 3
1 33
1 35
1 4
1 36
1 38
1 2
1 40
1 42
1 2
1 4
1 22
1 24
1 25
1 26
1 28
1 30
1 25
1 26
1 32
1 3
1 33
1 35
1 4
1 36
1 38
1 2
1 40
1 42
1 26
1 28
1 29
1 30
1 32
1 34
1 25
1 26
1 36
1 3
1 37
1 39
1 4
1 40
1 42
1 2
1 44
1 46
1 2
1 4
1 6
1 8
1 10
1 12
1 18
1 20
1 21
1 22
1 24
1 26
1 25
1 26
1 28
1 3
1 29
1 31
1 4
1 32
1 34
1 2
1 36
1 38
1 22
1 24
1 25
1 26
1 28
1 30
1 25
1 26
1 32
1 3
1 33
1 35
1 4
1 36
1 38
1 2
1 40
1 42
1 2
1 4
1 22
1 24
1 25
1 26
1 28
1 30
1 25
1 26
1 32
1 3
1 33
1 35
1 4
1 36
1 38
1 2
1 40
1 42
1 26
1 28
1 29
1 30
1 32
1 34
1 25
1 26
1 36
1 3
1 37
1 39
1 4
1 40
1 42
1 2
1 44
1 46
1 2
1 4
1 6
1 8
1 22
1 24
1 25
1 26
1 28
1 30
1 25
1 26
1 32
1 3
1 33
1 35
1 4
1 36
1 38
1 2
1 40
1 42
1 26
1 28
1 29
1 30
1 32
1 34
1 25
1 26
1 36
1 3
1 37
1 39
1 4
1 40
1 42
1 2
1 44
1 46
1 2
1 4
1 26
1 28
1 29
1 30
1 32
1 34
1 25
1 26
1 36
1 3
1 37
1 39
1 4
1 40
1 42
1 2
1 44
1 46
1 30
1 32
1 33
1 34
1 36
1 38
1 25
1 26
1 40
1 3
1 41
1 43
1 4
1 44
1 46
1 2
1 48
1 50
1 11
1 12
1 24
1 26
1 28
1 30
1 12
1 14
1 31
1 6
1 33
1 35
1 4
1 37
1 39
1 41
1 11
1 12
1 24
1 26
1 28
1 30
1 13
1 15
1 31
1 6
1 33
1 35
1 4
1 37
1 39
1 41
1 2
1 2
1 4
1 2
1 2
1 4
1 5
1 2
1 2
1 4
1 2
1 2
1 4
1 5
1 6
1 2
1 2
1 4
1 2
1 2
1 4
1 5
1 2
1 2
1 4
1 2
1 2
1 4
1 5
1 6
1 7
1 2
1 2
1 4
1 2
1 2
1 4
1 5
1 2
1 2
1 4
1 2
1 2
1 4
1 5
1 6
1 2
1 2
1 4
1 2
1 2
1 4
1 5
1 2
1 2
1 4
1 2
1 2
1 4
1 5
1 6
1 7
1 8
1 10
1 2
1 2
1 4
1 2
1 2
1 4
1 5
1 2
1 2
1 4
1 2
1 2
1 4
1 5
1 6
1 2
1 2
1 4
1 2
1 2
1 4
1 5
1 2
1 2
1 4
1 2
1 2
1 4
1 5
1 6
1 7
1 2
1 2
1 4
1 2
1 2
1 4
1 5
1 2
1 2
1 4
1 2
1 2
1 4
1 5
1 6
1 2
1 2
1 4
1 2
1 2
1 4
1 5
1 2
1 2
1 4
1 2
1 2
1 4
1 5
1 6
1 7
1 8
1 9
1 11
1 2
1 2
1 3
1 2
1 2
1 3
1 4
1 2
1 2
1 3
1 2
1 2
1 3
1 4
1 5
1 11
1 13
1 15
1 3
1 17
1 19
1 21
1 2
1 3
1 4
1 5
1 6
1 7
1 7
1 6
1 9
1 11
1 1
1 4
1 2
1 1
1 4
1 7
1 6
1 9
1 11
1 2
1 4
1 5
1 6
1 8
1 2
1 4
1 5
1 6
1 8
1 10
1 10
1 12
1 14
1 6
1 8
1 9
1 10
1 12
1 6
1 8
1 9
1 10
1 12
1 14
1 14
1 16
1 18
1 2
1 4
1 6
1 8
1 9
1 10
1 12
1 2
1 4
1 2
1 6
1 8
1 9
1 10
1 12
1 14
1 14
1 16
1 18
1 10
1 12
1 13
1 14
1 16
1 10
1 12
1 13
1 14
1 16
1 18
1 18
1 20
1 22
1 2
1 4
1 10
1 12
1 13
1 14
1 16
1 2
1 4
1 2
1 10
1 12
1 13
1 14
1 16
1 18
1 18
1 20
1 22
1 14
1 16
1 17
1 18
1 20
1 14
1 16
1 17
1 18
1 20
1 22
1 22
1 24
1 26
1 2
1 4
1 6
1 8
1 10
1 12
1 13
1 14
1 16
1 2
1 4
1 2
1 6
1 8
1 3
1 10
1 12
1 13
1 14
1 16
1 18
1 18
1 20
1 22
1 14
1 16
1 17
1 18
1 20
1 14
1 16
1 17
1 18
1 20
1 22
1 22
1 24
1 26
1 2
1 4
1 14
1 16
1 17
1 18
1 20
1 2
1 4
1 2
1 14
1 16
1 17
1 18
1 20
1 22
1 22
1 24
1 26
1 18
1 20
1 21
1 22
1 24
1 18
1 20
1 21
1 22
1 24
1 26
1 26
1 28
1 30
1 2
1 4
1 6
1 8
1 14
1 16
1 17
1 18
1 20
1 2
1 4
1 2
1 6
1 8
1 3
1 14
1 16
1 17
1 18
1 20
1 22
1 22
1 24
1 26
1 18
1 20
1 21
1 22
1 24
1 18
1 20
1 21
1 22
1 24
1 26
1 26
1 28
1 30
1 2
1 4
1 18
1 20
1 21
1 22
1 24
1 2
1 4
1 2
1 18
1 20
1 21
1 22
1 24
1 26
1 26
1 28
1 30
1 22
1 24
1 25
1 26
1 28
1 22
1 24
1 25
1 26
1 28
1 30
1 30
1 32
1 34
2 1
2 1
2 1
2 1
2 1
2 1
2 1
2 1
2 1
2 1
2 1
2 1
2 1
2 1
2 1
2 1
2 1
2 1
2 1
2 1
2 1
2 1
2 1
2 1
2 1
2 1
2 1
2 1
2 1
2 1
2 1
2 7
2 9
2 11
2 13
2 15
2 17
2 1
2 1
2 3
2 2
2 1
2 1
2 3
2 2
2 1
2 5
2 7
2 3
2 1
2 3
2 2
2 5
2 1
2 1
2 3
2 2
2 1
2 5
2 7
2 3
2 9
2 11
2 1
2 3
2 2
2 5
2 1
2 1
2 3
2 2
2 1
2 5
2 7
2 3
2 1
2 3
2 2
2 5
2 1
2 1
2 3
2 2
2 1
2 5
2 7
2 3
2 9
2 11
2 13
2 15
2 1
2 3
2 2
2 5
2 1
2 1
2 3
2 2
2 1
2 5
2 7
2 3
2 1
2 3
2 2
2 5
2 1
2 1
2 3
2 2
2 1
2 5
2 7
2 3
2 9
2 11
2 1
2 3
2 2
2 5
2 1
2 1
2 3
2 2
2 1
2 5
2 7
2 3
2 1
2 3
2 2
2 5
2 1
2 1
2 3
2 2
2 1
2 1
2 3
2 2
2 3
2 6
2 5
2 8
2 3
2 10
2 12
2 14
2 16
2 18
2 20
2 5
2 10
2 22
2 1
2 1
2 3
2 3
2 3
2 2
2 6
2 1
2 3
2 28
2 5
2 30
2 1
2 1
2 3
2 2
2 3
2 5
2 6
2 8
2 7
2 10
2 28
2 5
2 30
2 1
2 1
2 3
2 2
2 8
2 3
2 5
2 10
2 12
2 11
2 14
2 28
2 5
2 30
2 1
2 1
2 3
2 2
2 12
2 3
2 5
2 14
2 16
2 15
2 18
2 28
2 5
2 30
2 1
2 1
2 3
2 2
2 7
2 3
2 12
2 5
2 14
2 16
2 15
2 18
2 28
2 5
2 30
2 1
2 1
2 3
2 2
2 16
2 3
2 5
2 18
2 20
2 19
2 22
2 28
2 5
2 30
2 1
2 1
2 3
2 2
2 7
2 3
2 16
2 5
2 18
2 20
2 19
2 22
2 28
2 5
2 30
2 1
2 1
2 3
2 2
2 20
2 3
2 5
2 22
2 24
2 23
2 26
2 31
2 5
2 33
2 1
2 1
2 3
2 2
2 7
2 3
2 9
2 11
2 16
2 5
2 18
2 20
2 19
2 22
2 28
2 5
2 30
2 1
2 1
2 3
2 2
2 20
2 3
2 5
2 22
2 24
2 23
2 26
2 31
2 5
2 33
2 1
2 1
2 3
2 2
2 7
2 3
2 20
2 5
2 22
2 24
2 23
2 26
2 31
2 5
2 33
2 1
2 1
2 3
2 2
2 24
2 3
2 5
2 26
2 28
2 27
2 30
2 35
2 5
2 37
2 1
2 1
2 3
2 2
2 7
2 3
2 9
2 11
2 20
2 5
2 22
2 24
2 23
2 26
2 31
2 5
2 33
2 1
2 1
2 3
2 2
2 24
2 3
2 5
2 26
2 28
2 27
2 30
2 35
2 5
2 37
2 1
2 1
2 3
2 2
2 7
2 3
2 24
2 5
2 26
2 28
2 27
2 30
2 35
2 5
2 37
2 1
2 1
2 3
2 2
2 28
2 3
2 5
2 30
2 32
2 31
2 34
2 39
2 5
2 41
2 1
2 3
2 2
2 7
2 3
2 9
2 11
2 13
2 15
2 20
2 5
2 22
2 24
2 23
2 26
2 24
2 26
2 28
2 30
2 32
2 3
2 5
2 7
2 35
2 38
2 5
2 40
2 1
2 3
2 2
2 24
2 3
2 5
2 26
2 28
2 27
2 30
2 26
2 32
2 34
2 36
2 3
2 7
2 39
2 42
2 5
2 44
2 1
2 3
2 2
2 7
2 3
2 24
2 5
2 26
2 28
2 27
2 30
2 26
2 32
2 34
2 36
2 3
2 7
2 39
2 42
2 5
2 44
2 1
2 3
2 2
2 28
2 3
2 5
2 30
2 32
2 31
2 34
2 26
2 36
2 38
2 40
2 3
2 7
2 43
2 46
2 5
2 48
2 1
2 3
2 2
2 7
2 3
2 9
2 11
2 24
2 5
2 26
2 28
2 27
2 30
2 26
2 32
2 34
2 36
2 3
2 7
2 39
2 42
2 5
2 44
2 1
2 3
2 2
2 28
2 3
2 5
2 30
2 32
2 31
2 34
2 26
2 36
2 38
2 40
2 3
2 7
2 43
2 46
2 5
2 48
2 1
2 3
2 2
2 7
2 3
2 28
2 5
2 30
2 32
2 31
2 34
2 26
2 36
2 38
2 40
2 3
2 7
2 43
2 46
2 5
2 48
2 1
2 3
2 2
2 32
2 3
2 5
2 34
2 36
2 35
2 38
2 26
2 40
2 42
2 44
2 3
2 7
2 47
2 50
2 5
2 52
2 1
2 3
2 2
2 7
2 3
2 9
2 11
2 13
2 15
2 24
2 5
2 26
2 28
2 27
2 30
2 26
2 32
2 34
2 36
2 3
2 7
2 39
2 42
2 5
2 44
2 1
2 3
2 2
2 28
2 3
2 5
2 30
2 32
2 31
2 34
2 26
2 36
2 38
2 40
2 3
2 7
2 43
2 46
2 5
2 48
2 1
2 3
2 2
2 7
2 3
2 28
2 5
2 30
2 32
2 31
2 34
2 26
2 36
2 38
2 40
2 3
2 7
2 43
2 46
2 5
2 48
2 1
2 3
2 2
2 32
2 3
2 5
2 34
2 36
2 35
2 38
2 26
2 40
2 42
2 44
2 3
2 7
2 47
2 50
2 5
2 52
2 1
2 3
2 2
2 7
2 3
2 9
2 11
2 28
2 5
2 30
2 32
2 31
2 34
2 26
2 36
2 38
2 40
2 3
2 7
2 43
2 46
2 5
2 48
2 1
2 3
2 2
2 32
2 3
2 5
2 34
2 36
2 35
2 38
2 26
2 40
2 42
2 44
2 3
2 7
2 47
2 50
2 5
2 52
2 1
2 3
2 2
2 7
2 3
2 32
2 5
2 34
2 36
2 35
2 38
2 26
2 40
2 42
2 44
2 3
2 7
2 47
2 50
2 5
2 52
2 1
2 3
2 2
2 36
2 3
2 5
2 38
2 40
2 39
2 42
2 26
2 44
2 46
2 48
2 3
2 7
2 51
2 54
2 5
2 56
2 5
2 1
2 27
2 7
2 4
2 7
2 30
2 33
2 5
2 1
2 35
2 37
2 3
2 2
2 3
2 5
2 27
2 7
2 4
2 30
2 33
2 5
2 35
2 37
2 3
2 3
2 5
2 7
2 6
2 9
2 27
2 11
2 4
2 30
2 33
2 5
2 35
2 37
2 3
2 7
2 9
2 11
2 10
2 13
2 27
2 15
2 4
2 30
2 33
2 5
2 35
2 37
2 3
2 3
2 7
2 9
2 11
2 10
2 13
2 27
2 15
2 4
2 30
2 33
2 5
2 35
2 37
2 3
2 11
2 13
2 15
2 14
2 17
2 27
2 19
2 4
2 30
2 33
2 5
2 35
2 37
2 3
2 3
2 11
2 13
2 15
2 14
2 17
2 27
2 19
2 4
2 30
2 33
2 5
2 35
2 37
2 3
2 15
2 17
2 19
2 18
2 21
2 27
2 23
2 4
2 30
2 33
2 5
2 35
2 37
2 3
2 3
2 5
2 7
2 11
2 13
2 15
2 14
2 17
2 27
2 19
2 4
2 30
2 33
2 5
2 35
2 37
2 3
2 15
2 17
2 19
2 18
2 21
2 27
2 23
2 4
2 30
2 33
2 5
2 35
2 37
2 3
2 3
2 15
2 17
2 19
2 18
2 21
2 27
2 23
2 4
2 30
2 33
2 5
2 35
2 37
2 3
2 19
2 21
2 23
2 22
2 25
2 27
2 27
2 4
2 30
2 33
2 5
2 35
2 37
2 3
2 3
2 5
2 7
2 15
2 17
2 19
2 18
2 21
2 27
2 23
2 4
2 30
2 33
2 5
2 35
2 37
2 3
2 19
2 21
2 23
2 22
2 25
2 27
2 27
2 4
2 30
2 33
2 5
2 35
2 37
2 3
2 3
2 19
2 21
2 23
2 22
2 25
2 27
2 27
2 4
2 30
2 33
2 5
2 35
2 37
2 3
2 23
2 25
2 27
2 26
2 29
2 27
2 31
2 4
2 34
2 37
2 5
2 39
2 41
2 3
2 3
2 5
2 7
2 9
2 11
2 15
2 17
2 19
2 18
2 21
2 27
2 23
2 4
2 30
2 33
2 5
2 35
2 37
2 3
2 19
2 21
2 23
2 22
2 25
2 27
2 27
2 4
2 30
2 33
2 5
2 35
2 37
2 3
2 3
2 19
2 21
2 23
2 22
2 25
2 27
2 27
2 4
2 30
2 33
2 5
2 35
2 37
2 3
2 23
2 25
2 27
2 26
2 29
2 27
2 31
2 4
2 34
2 37
2 5
2 39
2 41
2 3
2 3
2 5
2 7
2 19
2 21
2 23
2 22
2 25
2 27
2 27
2 4
2 30
2 33
2 5
2 35
2 37
2 3
2 23
2 25
2 27
2 26
2 29
2 27
2 31
2 4
2 34
2 37
2 5
2 39
2 41
2 3
2 3
2 23
2 25
2 27
2 26
2 29
2 27
2 31
2 4
2 34
2 37
2 5
2 39
2 41
2 3
2 27
2 29
2 31
2 30
2 33
2 27
2 35
2 4
2 38
2 41
2 5
2 43
2 45
2 3
2 3
2 5
2 7
2 9
2 11
2 19
2 21
2 23
2 22
2 25
2 27
2 27
2 4
2 30
2 33
2 5
2 35
2 37
2 3
2 23
2 25
2 27
2 26
2 29
2 27
2 31
2 4
2 34
2 37
2 5
2 39
2 41
2 3
2 3
2 23
2 25
2 27
2 26
2 29
2 27
2 31
2 4
2 34
2 37
2 5
2 39
2 41
2 3
2 27
2 29
2 31
2 30
2 33
2 27
2 35
2 4
2 38
2 41
2 5
2 43
2 45
2 3
2 3
2 5
2 7
2 23
2 25
2 27
2 26
2 29
2 27
2 31
2 4
2 34
2 37
2 5
2 39
2 41
2 3
2 27
2 29
2 31
2 30
2 33
2 27
2 35
2 4
2 38
2 41
2 5
2 43
2 45
2 3
2 3
2 27
2 29
2 31
2 30
2 33
2 27
2 35
2 4
2 38
2 41
2 5
2 43
2 45
2 3
2 31
2 33
2 35
2 34
2 37
2 27
2 39
2 4
2 42
2 45
2 5
2 47
2 49
2 3
2 25
2 27
2 29
2 13
2 13
2 32
2 34
2 7
2 36
2 38
2 5
2 40
2 25
2 27
2 29
2 13
2 12
2 14
2 16
2 32
2 34
2 7
2 36
2 38
2 5
2 40
2 1
2 3
2 3
2 1
2 3
2 3
2 1
2 3
2 3
2 1
2 3
2 3
2 1
2 3
2 3
2 1
2 3
2 3
2 1
2 3
2 3
2 1
2 3
2 3
2 1
2 3
2 3
2 1
2 3
2 3
2 1
2 3
2 3
2 1
2 3
2 3
2 1
2 3
2 3
2 1
2 3
2 3
2 1
2 3
2 3
2 1
2 3
2 3
2 9
2 1
2 3
2 3
2 1
2 3
2 3
2 1
2 3
2 3
2 1
2 3
2 3
2 1
2 3
2 3
2 1
2 3
2 3
2 1
2 3
2 3
2 1
2 3
2 3
2 1
2 3
2 3
2 1
2 3
2 3
2 1
2 3
2 3
2 1
2 3
2 3
2 1
2 3
2 3
2 1
2 3
2 3
2 1
2 3
2 3
2 1
2 3
2 3
2 10
2 6
2 12
2 14
2 12
2 16
2 18
2 4
2 20
2 1
2 7
2 8
2 10
2 2
2 3
2 2
2 3
2 5
2 5
2 7
2 8
2 10
2 3
2 5
2 7
2 6
2 3
2 5
2 7
2 6
2 9
2 9
2 11
2 11
2 13
2 7
2 9
2 11
2 10
2 7
2 9
2 11
2 10
2 13
2 13
2 15
2 15
2 17
2 3
2 7
2 9
2 11
2 10
2 3
2 7
2 9
2 11
2 10
2 13
2 13
2 15
2 15
2 17
2 11
2 13
2 15
2 14
2 11
2 13
2 15
2 14
2 17
2 17
2 19
2 19
2 21
2 3
2 11
2 13
2 15
2 14
2 3
2 11
2 13
2 15
2 14
2 17
2 17
2 19
2 19
2 21
2 15
2 17
2 19
2 18
2 15
2 17
2 19
2 18
2 21
2 21
2 23
2 23
2 25
2 3
2 5
2 7
2 11
2 13
2 15
2 14
2 3
2 5
2 7
2 11
2 13
2 15
2 14
2 17
2 17
2 19
2 19
2 21
2 15
2 17
2 19
2 18
2 15
2 17
2 19
2 18
2 21
2 21
2 23
2 23
2 25
2 3
2 15
2 17
2 19
2 18
2 3
2 15
2 17
2 19
2 18
2 21
2 21
2 23
2 23
2 25
2 19
2 21
2 23
2 22
2 19
2 21
2 23
2 22
2 25
2 25
2 27
2 27
2 29
2 3
2 5
2 7
2 15
2 17
2 19
2 18
2 3
2 5
2 7
2 15
2 17
2 19
2 18
2 21
2 21
2 23
2 23
2 25
2 19
2 21
2 23
2 22
2 19
2 21
2 23
2 22
2 25
2 25
2 27
2 27
2 29
2 3
2 19
2 21
2 23
2 22
2 3
2 19
2 21
2 23
2 22
2 25
2 25
2 27
2 27
2 29
2 23
2 25
2 27
2 26
2 23
2 25
2 27
2 26
2 29
2 29
2 31
2 31
2 33
2 39
2 39
2 39
2 39
2 39
2 39
2 39
2 39
2 39
2 39
2 39
2 39
2 39
2 39
2 39
2 43
2 39
2 39
2 39
2 43
2 39
2 43
2 43
2 47
2 39
2 43
2 43
2 47
2 43
2 47
2 47
2 51
211 230
210 230
230 231
213 231
2111 232
2112 232
2113 233
2114 233
233 234
232 234
2115 235
2116 235
2117 236
2118 236
236 237
235 237
237 238
234 238
2119 239
2120 239
2121 240
2122 240
240 241
239 241
2123 242
2124 242
2125 243
2126 243
243 244
242 244
244 245
241 245
245 246
238 246
2127 247
2128 247
2129 248
2130 248
248 249
247 249
2131 250
2132 250
2133 251
2134 251
251 252
250 252
252 253
249 253
2135 254
2136 254
2137 255
2138 255
255 256
254 256
2139 257
2140 257
257 258
2141 258
258 259
256 259
259 260
253 260
260 261
246 261
2141 262
178 262
262 263
257 263
263 264
256 264
264 265
253 265
265 266
246 266
2142 267
261 267
2143 268
2142 268
2144 269
231 269
2145 270
145 270
2146 271
2145 271
2147 272
0 272
146 273
113 273
2148 274
2149 274
2150 275
2151 275
177 276
2152 276
177 277
48 277
2153 278
2152 278
2154 279
2155 279
176 280
2156 280
280 281
2157 281
2158 282
2159 282
176 283
47 283
2160 284
2156 284
2161 285
2162 285
2163 286
2157 286
175 287
2164 287
175 288
46 288
2165 289
2164 289
2166 290
2167 290
174 291
2168 291
291 292
2169 292
2170 293
2171 293
2172 294
286 294
2173 295
282 295
174 296
45 296
2174 297
2168 297
2175 298
2176 298
2177 299
2169 299
299 300
286 300
173 301
2178 301
173 302
44 302
2179 303
2178 303
2180 304
2181 304
172 305
2182 305
305 306
2183 306
2184 307
2185 307
172 308
43 308
2186 309
2182 309
2187 310
2188 310
2189 311
2183 311
171 312
2190 312
171 313
42 313
2191 314
2190 314
2192 315
2193 315
170 316
2194 316
316 317
2195 317
2196 318
2197 318
2198 319
311 319
2199 320
307 320
2200 321
300 321
2201 322
295 322
170 323
41 323
2202 324
2194 324
2203 325
2204 325
2205 326
2195 326
326 327
311 327
327 328
300 328
169 329
2206 329
169 330
40 330
2207 331
2206 331
2208 332
2209 332
168 333
2210 333
333 334
2211 334
2212 335
2213 335
168 336
39 336
2214 337
2210 337
2215 338
2216 338
2217 339
2211 339
167 340
2218 340
167 341
38 341
2219 342
2218 342
2220 343
2221 343
166 344
2222 344
344 345
2223 345
2224 346
2225 346
2226 347
339 347
2227 348
335 348
166 349
37 349
2228 350
2222 350
2229 351
2230 351
2231 352
2223 352
352 353
339 353
165 354
2232 354
165 355
36 355
2233 356
2232 356
2234 357
2235 357
164 358
2236 358
358 359
2237 359
2238 360
2239 360
164 361
35 361
2240 362
2236 362
2241 363
2242 363
2243 364
2237 364
163 365
2244 365
163 366
34 366
2245 367
2244 367
2246 368
2247 368
162 369
2248 369
162 370
33 370
2249 371
2248 371
2250 372
2251 372
372 373
2252 373
2253 374
2254 374
2255 375
2256 375
2257 376
364 376
2258 377
360 377
2259 378
353 378
2260 379
348 379
2261 380
328 380
2262 381
322 381
2263 382
2254 382
382 383
364 383
383 384
353 384
384 385
328 385
2264 386
2265 386
386 387
275 387
211 388
2266 388
388 389
387 389
2267 390
210 390
2267 391
2266 391
2268 392
2269 392
2270 393
2271 393
393 394
392 394
2272 395
389 395
213 396
2273 396
2274 397
146 397
396 398
395 398
2275 399
2276 399
2277 400
0 400
147 401
114 401
2278 402
2279 402
2280 403
2281 403
146 404
2149 404
2282 405
275 405
405 406
2283 406
2284 407
403 407
2285 408
2286 408
2287 409
386 409
409 410
388 410
410 411
2272 411
2274 412
147 412
411 413
396 413
2288 414
2289 414
2290 415
0 415
148 416
115 416
2291 417
2292 417
2293 418
2294 418
147 419
2279 419
2284 420
2283 420
2295 421
2296 421
421 422
2297 422
2298 423
418 423
2299 424
2300 424
2301 425
386 425
425 426
388 426
426 427
2272 427
2274 428
148 428
427 429
396 429
2302 430
2303 430
2304 431
0 431
149 432
116 432
2305 433
2306 433
2307 434
2308 434
148 435
2292 435
2298 436
2297 436
2309 437
2310 437
437 438
2311 438
2312 439
434 439
2313 440
2314 440
2315 441
386 441
441 442
388 442
442 443
2272 443
2274 444
149 444
443 445
396 445
2316 446
2317 446
2318 447
0 447
150 448
117 448
2319 449
2320 449
2321 450
2322 450
149 451
2306 451
435 452
2311 452
2323 453
2324 453
2311 454
2297 454
454 455
2298 455
2325 456
453 456
456 457
2326 457
2327 458
450 458
2328 459
2329 459
2330 460
386 460
460 461
388 461
461 462
2272 462
2274 463
150 463
462 464
396 464
2331 465
2332 465
2333 466
0 466
151 467
118 467
2334 468
2335 468
2336 469
2337 469
150 470
2320 470
2327 471
2326 471
2338 472
2339 472
472 473
2340 473
2341 474
469 474
2342 475
2343 475
2344 476
386 476
476 477
388 477
477 478
2272 478
2274 479
151 479
478 480
396 480
2345 481
2346 481
2347 482
0 482
152 483
119 483
2348 484
2349 484
2350 485
2351 485
151 486
2335 486
470 487
2340 487
2352 488
2353 488
2340 489
2326 489
489 490
2327 490
2354 491
488 491
491 492
2355 492
2356 493
485 493
2357 494
2358 494
2359 495
386 495
495 496
388 496
496 497
2272 497
2274 498
152 498
497 499
396 499
2360 500
2361 500
2362 501
0 501
153 502
120 502
2363 503
2364 503
2365 504
2366 504
152 505
2349 505
2356 506
2355 506
2367 507
2368 507
507 508
2369 508
2370 509
504 509
2371 510
2372 510
2373 511
386 511
511 512
388 512
512 513
2272 513
2274 514
153 514
513 515
396 515
2374 516
2375 516
2376 517
0 517
154 518
121 518
2377 519
2378 519
2379 520
2380 520
153 521
2364 521
505 522
2369 522
2381 523
2382 523
2369 524
2355 524
524 525
2383 525
2384 526
523 526
524 527
489 527
527 528
2327 528
2385 529
526 529
529 530
2386 530
2387 531
520 531
2388 532
2389 532
2390 533
386 533
533 534
388 534
534 535
2272 535
2274 536
154 536
535 537
396 537
2391 538
2392 538
2393 539
0 539
155 540
122 540
2394 541
2395 541
2396 542
2397 542
154 543
2378 543
2387 544
2386 544
2398 545
2399 545
545 546
2400 546
2401 547
542 547
2402 548
2403 548
2404 549
386 549
549 550
388 550
550 551
2272 551
2274 552
155 552
551 553
396 553
2405 554
2406 554
2407 555
0 555
156 556
123 556
2408 557
2409 557
2410 558
2411 558
155 559
2395 559
543 560
2400 560
2412 561
2413 561
2400 562
2386 562
562 563
2387 563
2414 564
561 564
564 565
2415 565
2416 566
558 566
2417 567
2418 567
2419 568
386 568
568 569
388 569
569 570
2272 570
2274 571
156 571
570 572
396 572
2420 573
2421 573
2422 574
0 574
157 575
124 575
2423 576
2424 576
2425 577
2426 577
156 578
2409 578
2416 579
2415 579
2427 580
2428 580
580 581
2429 581
2430 582
577 582
2431 583
2432 583
2433 584
386 584
584 585
388 585
585 586
2272 586
2274 587
157 587
586 588
396 588
2434 589
2435 589
2436 590
0 590
158 591
125 591
2437 592
2438 592
2439 593
2440 593
157 594
2424 594
578 595
2429 595
2441 596
2442 596
2429 597
2415 597
597 598
2443 598
2444 599
596 599
597 600
562 600
600 601
2387 601
2445 602
599 602
602 603
2446 603
2447 604
593 604
2448 605
2449 605
2450 606
386 606
606 607
388 607
607 608
2272 608
2274 609
158 609
608 610
396 610
2451 611
2452 611
2453 612
0 612
159 613
126 613
2454 614
2455 614
2456 615
2457 615
158 616
2438 616
2447 617
2446 617
2458 618
2459 618
618 619
2460 619
2461 620
615 620
2462 621
2463 621
2464 622
386 622
622 623
388 623
623 624
2272 624
2274 625
159 625
624 626
396 626
2465 627
2466 627
2467 628
0 628
160 629
127 629
2468 630
2469 630
2470 631
2471 631
159 632
2455 632
616 633
2460 633
2472 634
2473 634
2460 635
2446 635
635 636
2447 636
2474 637
634 637
637 638
2475 638
2476 639
631 639
2477 640
2478 640
2479 641
386 641
641 642
388 642
642 643
2272 643
2274 644
160 644
643 645
396 645
2480 646
2481 646
2482 647
0 647
161 648
128 648
2483 649
2484 649
2485 650
2486 650
160 651
2469 651
2476 652
2475 652
2487 653
2488 653
653 654
2489 654
2490 655
650 655
2491 656
2492 656
2493 657
386 657
657 658
388 658
658 659
2272 659
2274 660
161 660
659 661
396 661
2494 662
2495 662
2496 663
0 663
230 664
33 664
162 665
129 665
2249 666
2497 666
2498 667
2499 667
161 668
2484 668
651 669
2489 669
2500 670
2501 670
2489 671
2475 671
671 672
2502 672
2503 673
670 673
671 674
635 674
674 675
2504 675
2505 676
673 676
674 677
600 677
677 678
2387 678
2506 679
676 679
679 680
2507 680
2508 681
667 681
2509 682
2510 682
2511 683
386 683
2512 684
33 684
2513 685
2514 685
2515 686
388 686
2516 687
2517 687
2518 688
17 688
2519 689
687 689
2520 690
2272 690
2274 691
162 691
690 692
396 692
2521 693
2522 693
2523 694
0 694
230 695
34 695
163 696
130 696
2245 697
2524 697
2525 698
2526 698
162 699
2497 699
2508 700
2507 700
2527 701
2528 701
701 702
2529 702
2530 703
698 703
2531 704
2532 704
2533 705
386 705
2512 706
34 706
2534 707
2535 707
2536 708
388 708
2537 709
2538 709
2518 710
18 710
2539 711
709 711
2540 712
2272 712
2274 713
163 713
712 714
396 714
2541 715
2542 715
2543 716
0 716
230 717
35 717
164 718
131 718
2240 719
2544 719
2545 720
2546 720
163 721
2524 721
699 722
2529 722
2547 723
2548 723
2529 724
2507 724
724 725
2508 725
2549 726
723 726
726 727
2550 727
2551 728
720 728
2552 729
2553 729
2554 730
386 730
2512 731
35 731
2555 732
2556 732
2557 733
388 733
2558 734
2559 734
2518 735
19 735
2560 736
734 736
2561 737
2272 737
2274 738
164 738
737 739
396 739
2562 740
2563 740
2564 741
0 741
230 742
36 742
165 743
132 743
2233 744
2565 744
2566 745
2567 745
164 746
2544 746
2551 747
2550 747
2568 748
2569 748
748 749
2570 749
2571 750
745 750
2572 751
2573 751
2574 752
386 752
2512 753
36 753
2575 754
2576 754
2577 755
388 755
2578 756
2579 756
2518 757
20 757
2580 758
756 758
2581 759
2272 759
2274 760
165 760
759 761
396 761
2582 762
2583 762
2584 763
0 763
230 764
37 764
166 765
133 765
2228 766
2585 766
2586 767
2587 767
165 768
2565 768
746 769
2570 769
2588 770
2589 770
2570 771
2550 771
771 772
2590 772
2591 773
770 773
771 774
724 774
774 775
2508 775
2592 776
773 776
776 777
2593 777
2594 778
767 778
2595 779
2596 779
2597 780
386 780
2512 781
37 781
2598 782
2599 782
2600 783
388 783
2601 784
2602 784
2518 785
21 785
2603 786
784 786
2604 787
2272 787
2274 788
166 788
787 789
396 789
2605 790
2606 790
2607 791
0 791
230 792
38 792
167 793
134 793
2219 794
2608 794
2609 795
2610 795
166 796
2585 796
2594 797
2593 797
2611 798
2612 798
798 799
2613 799
2614 800
795 800
2615 801
2616 801
2617 802
386 802
2512 803
38 803
2618 804
2619 804
2620 805
388 805
2621 806
2622 806
2518 807
22 807
2623 808
806 808
2624 809
2272 809
2274 810
167 810
809 811
396 811
2625 812
2626 812
2627 813
0 813
230 814
39 814
168 815
135 815
2214 816
2628 816
2629 817
2630 817
167 818
2608 818
796 819
2613 819
2631 820
2632 820
2613 821
2593 821
821 822
2594 822
2633 823
820 823
823 824
2634 824
2635 825
817 825
2636 826
2637 826
2638 827
386 827
2512 828
39 828
2639 829
2640 829
2641 830
388 830
2642 831
2643 831
2518 832
23 832
2644 833
831 833
2645 834
2272 834
2274 835
168 835
834 836
396 836
2646 837
2647 837
2648 838
0 838
230 839
40 839
169 840
136 840
2207 841
2649 841
2650 842
2651 842
168 843
2628 843
2635 844
2634 844
2652 845
2653 845
845 846
2654 846
2655 847
842 847
2656 848
2657 848
2658 849
386 849
2512 850
40 850
2659 851
2660 851
2661 852
388 852
2662 853
2663 853
2518 854
24 854
2664 855
853 855
2665 856
2272 856
2274 857
169 857
856 858
396 858
2666 859
2667 859
2668 860
0 860
230 861
41 861
170 862
137 862
2202 863
2669 863
2670 864
2671 864
169 865
2649 865
843 866
2654 866
2672 867
2673 867
2654 868
2634 868
868 869
2674 869
2675 870
867 870
868 871
821 871
871 872
2676 872
2677 873
870 873
871 874
774 874
874 875
2508 875
2678 876
873 876
876 877
2679 877
2680 878
864 878
2681 879
2682 879
2683 880
386 880
2512 881
41 881
2684 882
2685 882
2686 883
388 883
2687 884
2688 884
2518 885
25 885
2689 886
884 886
2690 887
2272 887
2274 888
170 888
887 889
396 889
2691 890
2692 890
2693 891
0 891
230 892
42 892
171 893
138 893
2191 894
2694 894
2695 895
2696 895
170 896
2669 896
2680 897
2679 897
2697 898
2698 898
898 899
2699 899
2700 900
895 900
2701 901
2702 901
2703 902
386 902
2512 903
42 903
2704 904
2705 904
2706 905
388 905
2707 906
2708 906
2518 907
26 907
2709 908
906 908
2710 909
2272 909
2274 910
171 910
909 911
396 911
2711 912
2712 912
2713 913
0 913
230 914
43 914
172 915
139 915
2186 916
2714 916
2715 917
2716 917
171 918
2694 918
896 919
2699 919
2717 920
2718 920
2699 921
2679 921
921 922
2680 922
2719 923
920 923
923 924
2720 924
2721 925
917 925
2722 926
2723 926
2724 927
386 927
2512 928
43 928
2725 929
2726 929
2727 930
388 930
2728 931
2729 931
2518 932
27 932
2730 933
931 933
2731 934
2272 934
2274 935
172 935
934 936
396 936
2732 937
2733 937
2734 938
0 938
230 939
44 939
173 940
140 940
2179 941
2735 941
2736 942
2737 942
172 943
2714 943
2721 944
2720 944
2738 945
2739 945
945 946
2740 946
2741 947
942 947
2742 948
2743 948
2744 949
386 949
2512 950
44 950
2745 951
2746 951
2747 952
388 952
2748 953
2749 953
2518 954
28 954
2750 955
953 955
2751 956
2272 956
2274 957
173 957
956 958
396 958
2752 959
2753 959
2754 960
0 960
230 961
45 961
174 962
141 962
2174 963
2755 963
2756 964
2757 964
173 965
2735 965
943 966
2740 966
2758 967
2759 967
2740 968
2720 968
968 969
2760 969
2761 970
967 970
968 971
921 971
971 972
2680 972
2762 973
970 973
973 974
2763 974
2764 975
964 975
2765 976
2766 976
2767 977
386 977
2512 978
45 978
2768 979
2769 979
2770 980
388 980
2771 981
2772 981
2518 982
29 982
2773 983
981 983
2774 984
2272 984
2274 985
174 985
984 986
396 986
2775 987
2776 987
2777 988
0 988
230 989
46 989
175 990
142 990
2165 991
2778 991
2779 992
2780 992
174 993
2755 993
2764 994
2763 994
2781 995
2782 995
995 996
2783 996
2784 997
992 997
2785 998
2786 998
2787 999
386 999
2512 1000
46 1000
2788 1001
2789 1001
2790 1002
388 1002
2791 1003
2792 1003
2518 1004
30 1004
2793 1005
1003 1005
2794 1006
2272 1006
2274 1007
175 1007
1006 1008
396 1008
2795 1009
2796 1009
2797 1010
0 1010
230 1011
47 1011
176 1012
143 1012
2160 1013
2798 1013
2799 1014
2800 1014
175 1015
2778 1015
993 1016
2783 1016
2801 1017
2802 1017
2783 1018
2763 1018
1018 1019
2764 1019
2803 1020
1017 1020
1020 1021
2804 1021
2805 1022
1014 1022
2806 1023
2807 1023
2808 1024
386 1024
2512 1025
47 1025
2809 1026
2810 1026
2811 1027
388 1027
2812 1028
2813 1028
2518 1029
31 1029
2814 1030
1028 1030
2815 1031
2272 1031
2274 1032
176 1032
1031 1033
396 1033
2816 1034
2817 1034
2818 1035
0 1035
230 1036
48 1036
177 1037
144 1037
2153 1038
2819 1038
2820 1039
2821 1039
176 1040
2798 1040
2805 1041
2804 1041
2822 1042
2823 1042
1042 1043
2824 1043
2825 1044
1039 1044
2826 1045
2827 1045
2828 1046
386 1046
2512 1047
48 1047
2829 1048
2830 1048
2831 1049
388 1049
2832 1050
2833 1050
2518 1051
32 1051
2834 1052
1050 1052
2835 1053
2272 1053
2274 1054
177 1054
1053 1055
396 1055
2836 1056
2837 1056
2838 1057
0 1057
2269 1058
2271 1058
2839 1059
2840 1059
2512 1060
81 1060
1060 1061
388 1061
2841 1062
2842 1062
391 1063
49 1063
2843 1064
1062 1064
1058 1065
2270 1065
1065 1066
2268 1066
2844 1067
2845 1067
2274 1068
178 1068
1067 1069
396 1069
2846 1070
2847 1070
178 1071
2848 1071
2849 1072
0 1072
2850 1073
2851 1073
2141 1074
2840 1074
179 1075
178 1075
2852 1076
2853 1076
2854 1077
2839 1077
2512 1078
82 1078
1078 1079
388 1079
2855 1080
2856 1080
391 1081
50 1081
2857 1082
1080 1082
2858 1083
2844 1083
2274 1084
179 1084
1083 1085
396 1085
2859 1086
2860 1086
179 1087
2848 1087
2861 1088
0 1088
2862 1089
2863 1089
2864 1090
2141 1090
1090 1091
2140 1091
2865 1092
180 1092
2866 1093
2867 1093
2868 1094
2839 1094
2512 1095
83 1095
1095 1096
388 1096
2869 1097
2870 1097
391 1098
51 1098
2871 1099
1097 1099
2872 1100
2844 1100
2274 1101
180 1101
1100 1102
396 1102
2873 1103
2874 1103
180 1104
2848 1104
2875 1105
0 1105
2876 1106
2877 1106
2865 1107
2140 1107
2878 1108
2140 1108
1108 1109
2139 1109
2879 1110
181 1110
2880 1111
2881 1111
2882 1112
2839 1112
2512 1113
84 1113
1113 1114
388 1114
2883 1115
2884 1115
391 1116
52 1116
2885 1117
1115 1117
2886 1118
2844 1118
2274 1119
181 1119
1118 1120
396 1120
2887 1121
2888 1121
181 1122
2848 1122
2889 1123
0 1123
2890 1124
2891 1124
2139 1125
180 1125
2892 1126
2139 1126
2865 1127
257 1127
2893 1128
1126 1128
1128 1129
2138 1129
2894 1130
182 1130
2895 1131
2896 1131
2897 1132
2839 1132
2512 1133
85 1133
1133 1134
388 1134
2898 1135
2899 1135
391 1136
53 1136
2900 1137
1135 1137
2901 1138
2844 1138
2274 1139
182 1139
1138 1140
396 1140
2902 1141
2903 1141
182 1142
2848 1142
2904 1143
0 1143
2905 1144
2906 1144
2894 1145
2138 1145
2907 1146
2138 1146
1146 1147
2137 1147
2908 1148
183 1148
2909 1149
2910 1149
2911 1150
2839 1150
2512 1151
86 1151
1151 1152
388 1152
2912 1153
2913 1153
391 1154
54 1154
2914 1155
1153 1155
2915 1156
2844 1156
2274 1157
183 1157
1156 1158
396 1158
2916 1159
2917 1159
183 1160
2848 1160
2918 1161
0 1161
2919 1162
2920 1162
2137 1163
182 1163
2921 1164
2137 1164
2894 1165
255 1165
2922 1166
1164 1166
1166 1167
2136 1167
2923 1168
184 1168
2924 1169
2925 1169
2926 1170
2839 1170
2512 1171
87 1171
1171 1172
388 1172
2927 1173
2928 1173
391 1174
55 1174
2929 1175
1173 1175
2930 1176
2844 1176
2274 1177
184 1177
1176 1178
396 1178
2931 1179
2932 1179
184 1180
2848 1180
2933 1181
0 1181
2934 1182
2935 1182
2923 1183
2136 1183
2936 1184
2136 1184
1184 1185
2135 1185
2937 1186
185 1186
2938 1187
2939 1187
2940 1188
2839 1188
2512 1189
88 1189
1189 1190
388 1190
2941 1191
2942 1191
391 1192
56 1192
2943 1193
1191 1193
2944 1194
2844 1194
2274 1195
185 1195
1194 1196
396 1196
2945 1197
2946 1197
185 1198
2848 1198
2947 1199
0 1199
2948 1200
2949 1200
2135 1201
184 1201
2950 1202
2135 1202
2951 1203
254 1203
2952 1204
1202 1204
2894 1205
256 1205
2953 1206
1204 1206
1206 1207
2134 1207
2954 1208
186 1208
2955 1209
2956 1209
2957 1210
2839 1210
2512 1211
89 1211
1211 1212
388 1212
2958 1213
2959 1213
391 1214
57 1214
2960 1215
1213 1215
2961 1216
2844 1216
2274 1217
186 1217
1216 1218
396 1218
2962 1219
2963 1219
186 1220
2848 1220
2964 1221
0 1221
2965 1222
2966 1222
2954 1223
2134 1223
2967 1224
2134 1224
1224 1225
2133 1225
2968 1226
187 1226
2969 1227
2970 1227
2971 1228
2839 1228
2512 1229
90 1229
1229 1230
388 1230
2972 1231
2973 1231
391 1232
58 1232
2974 1233
1231 1233
2975 1234
2844 1234
2274 1235
187 1235
1234 1236
396 1236
2976 1237
2977 1237
187 1238
2848 1238
2978 1239
0 1239
2979 1240
2980 1240
2133 1241
186 1241
2981 1242
2133 1242
2954 1243
251 1243
2982 1244
1242 1244
1244 1245
2132 1245
2983 1246
188 1246
2984 1247
2985 1247
2986 1248
2839 1248
2512 1249
91 1249
1249 1250
388 1250
2987 1251
2988 1251
391 1252
59 1252
2989 1253
1251 1253
2990 1254
2844 1254
2274 1255
188 1255
1254 1256
396 1256
2991 1257
2992 1257
188 1258
2848 1258
2993 1259
0 1259
2994 1260
2995 1260
2983 1261
2132 1261
2996 1262
2132 1262
1262 1263
2131 1263
2997 1264
189 1264
2998 1265
2999 1265
3000 1266
2839 1266
2512 1267
92 1267
1267 1268
388 1268
3001 1269
3002 1269
391 1270
60 1270
3003 1271
1269 1271
3004 1272
2844 1272
2274 1273
189 1273
1272 1274
396 1274
3005 1275
3006 1275
189 1276
2848 1276
3007 1277
0 1277
3008 1278
3009 1278
2131 1279
188 1279
3010 1280
2131 1280
3011 1281
250 1281
3012 1282
1280 1282
2954 1283
252 1283
3013 1284
1282 1284
1284 1285
2130 1285
3014 1286
190 1286
3015 1287
3016 1287
3017 1288
2839 1288
2512 1289
93 1289
1289 1290
388 1290
3018 1291
3019 1291
391 1292
61 1292
3020 1293
1291 1293
3021 1294
2844 1294
2274 1295
190 1295
1294 1296
396 1296
3022 1297
3023 1297
190 1298
2848 1298
3024 1299
0 1299
3025 1300
3026 1300
3014 1301
2130 1301
3027 1302
2130 1302
1302 1303
2129 1303
3028 1304
191 1304
3029 1305
3030 1305
3031 1306
2839 1306
2512 1307
94 1307
1307 1308
388 1308
3032 1309
3033 1309
391 1310
62 1310
3034 1311
1309 1311
3035 1312
2844 1312
2274 1313
191 1313
1312 1314
396 1314
3036 1315
3037 1315
191 1316
2848 1316
3038 1317
0 1317
3039 1318
3040 1318
2129 1319
190 1319
3041 1320
2129 1320
3014 1321
248 1321
3042 1322
1320 1322
1322 1323
2128 1323
3043 1324
192 1324
3044 1325
3045 1325
3046 1326
2839 1326
2512 1327
95 1327
1327 1328
388 1328
3047 1329
3048 1329
391 1330
63 1330
3049 1331
1329 1331
3050 1332
2844 1332
2274 1333
192 1333
1332 1334
396 1334
3051 1335
3052 1335
192 1336
2848 1336
3053 1337
0 1337
3054 1338
3055 1338
3043 1339
2128 1339
3056 1340
2128 1340
1340 1341
2127 1341
3057 1342
193 1342
3058 1343
3059 1343
3060 1344
2839 1344
2512 1345
96 1345
1345 1346
388 1346
3061 1347
3062 1347
391 1348
64 1348
3063 1349
1347 1349
3064 1350
2844 1350
2274 1351
193 1351
1350 1352
396 1352
3065 1353
3066 1353
193 1354
2848 1354
3067 1355
0 1355
3068 1356
3069 1356
2127 1357
192 1357
3070 1358
2127 1358
3071 1359
247 1359
3072 1360
1358 1360
3073 1361
249 1361
3074 1362
1360 1362
2954 1363
253 1363
3075 1364
1362 1364
1364 1365
2126 1365
3076 1366
194 1366
3077 1367
3078 1367
3079 1368
2839 1368
2512 1369
97 1369
1369 1370
388 1370
3080 1371
3081 1371
391 1372
65 1372
3082 1373
1371 1373
3083 1374
2844 1374
2274 1375
194 1375
1374 1376
396 1376
3084 1377
3085 1377
194 1378
2848 1378
3086 1379
0 1379
3087 1380
3088 1380
3076 1381
2126 1381
3089 1382
2126 1382
1382 1383
2125 1383
3090 1384
195 1384
3091 1385
3092 1385
3093 1386
2839 1386
2512 1387
98 1387
1387 1388
388 1388
3094 1389
3095 1389
391 1390
66 1390
3096 1391
1389 1391
3097 1392
2844 1392
2274 1393
195 1393
1392 1394
396 1394
3098 1395
3099 1395
195 1396
2848 1396
3100 1397
0 1397
3101 1398
3102 1398
2125 1399
194 1399
3103 1400
2125 1400
3076 1401
243 1401
3104 1402
1400 1402
1402 1403
2124 1403
3105 1404
196 1404
3106 1405
3107 1405
3108 1406
2839 1406
2512 1407
99 1407
1407 1408
388 1408
3109 1409
3110 1409
391 1410
67 1410
3111 1411
1409 1411
3112 1412
2844 1412
2274 1413
196 1413
1412 1414
396 1414
3113 1415
3114 1415
196 1416
2848 1416
3115 1417
0 1417
3116 1418
3117 1418
3105 1419
2124 1419
3118 1420
2124 1420
1420 1421
2123 1421
3119 1422
197 1422
3120 1423
3121 1423
3122 1424
2839 1424
2512 1425
100 1425
1425 1426
388 1426
3123 1427
3124 1427
391 1428
68 1428
3125 1429
1427 1429
3126 1430
2844 1430
2274 1431
197 1431
1430 1432
396 1432
3127 1433
3128 1433
197 1434
2848 1434
3129 1435
0 1435
3130 1436
3131 1436
2123 1437
196 1437
3132 1438
2123 1438
3133 1439
242 1439
3134 1440
1438 1440
3076 1441
244 1441
3135 1442
1440 1442
1442 1443
2122 1443
3136 1444
198 1444
3137 1445
3138 1445
3139 1446
2839 1446
2512 1447
101 1447
1447 1448
388 1448
3140 1449
3141 1449
391 1450
69 1450
3142 1451
1449 1451
3143 1452
2844 1452
2274 1453
198 1453
1452 1454
396 1454
3144 1455
3145 1455
198 1456
2848 1456
3146 1457
0 1457
3147 1458
3148 1458
3136 1459
2122 1459
3149 1460
2122 1460
1460 1461
2121 1461
3150 1462
199 1462
3151 1463
3152 1463
3153 1464
2839 1464
2512 1465
102 1465
1465 1466
388 1466
3154 1467
3155 1467
391 1468
70 1468
3156 1469
1467 1469
3157 1470
2844 1470
2274 1471
199 1471
1470 1472
396 1472
3158 1473
3159 1473
199 1474
2848 1474
3160 1475
0 1475
3161 1476
3162 1476
2121 1477
198 1477
3163 1478
2121 1478
3136 1479
240 1479
3164 1480
1478 1480
1480 1481
2120 1481
3165 1482
200 1482
3166 1483
3167 1483
3168 1484
2839 1484
2512 1485
103 1485
1485 1486
388 1486
3169 1487
3170 1487
391 1488
71 1488
3171 1489
1487 1489
3172 1490
2844 1490
2274 1491
200 1491
1490 1492
396 1492
3173 1493
3174 1493
200 1494
2848 1494
3175 1495
0 1495
3176 1496
3177 1496
3165 1497
2120 1497
3178 1498
2120 1498
1498 1499
2119 1499
3179 1500
201 1500
3180 1501
3181 1501
3182 1502
2839 1502
2512 1503
104 1503
1503 1504
388 1504
3183 1505
3184 1505
391 1506
72 1506
3185 1507
1505 1507
3186 1508
2844 1508
2274 1509
201 1509
1508 1510
396 1510
3187 1511
3188 1511
201 1512
2848 1512
3189 1513
0 1513
3190 1514
3191 1514
2119 1515
200 1515
3192 1516
2119 1516
3193 1517
239 1517
3194 1518
1516 1518
3195 1519
241 1519
3196 1520
1518 1520
3076 1521
245 1521
3197 1522
1520 1522
1522 1523
2118 1523
3198 1524
202 1524
3199 1525
3200 1525
3201 1526
2839 1526
2512 1527
105 1527
1527 1528
388 1528
3202 1529
3203 1529
391 1530
73 1530
3204 1531
1529 1531
3205 1532
2844 1532
2274 1533
202 1533
1532 1534
396 1534
3206 1535
3207 1535
202 1536
2848 1536
3208 1537
0 1537
3209 1538
3210 1538
3198 1539
2118 1539
3211 1540
2118 1540
1540 1541
2117 1541
3212 1542
203 1542
3213 1543
3214 1543
3215 1544
2839 1544
2512 1545
106 1545
1545 1546
388 1546
3216 1547
3217 1547
391 1548
74 1548
3218 1549
1547 1549
3219 1550
2844 1550
2274 1551
203 1551
1550 1552
396 1552
3220 1553
3221 1553
203 1554
2848 1554
3222 1555
0 1555
3223 1556
3224 1556
2117 1557
202 1557
3225 1558
2117 1558
3198 1559
236 1559
3226 1560
1558 1560
1560 1561
2116 1561
3227 1562
204 1562
3228 1563
3229 1563
3230 1564
2839 1564
2512 1565
107 1565
1565 1566
388 1566
3231 1567
3232 1567
391 1568
75 1568
3233 1569
1567 1569
3234 1570
2844 1570
2274 1571
204 1571
1570 1572
396 1572
3235 1573
3236 1573
204 1574
2848 1574
3237 1575
0 1575
3238 1576
3239 1576
3227 1577
2116 1577
3240 1578
2116 1578
1578 1579
2115 1579
3241 1580
205 1580
3242 1581
3243 1581
3244 1582
2839 1582
2512 1583
108 1583
1583 1584
388 1584
3245 1585
3246 1585
391 1586
76 1586
3247 1587
1585 1587
3248 1588
2844 1588
2274 1589
205 1589
1588 1590
396 1590
3249 1591
3250 1591
205 1592
2848 1592
3251 1593
0 1593
3252 1594
3253 1594
2115 1595
204 1595
3254 1596
2115 1596
3255 1597
235 1597
3256 1598
1596 1598
3198 1599
237 1599
3257 1600
1598 1600
1600 1601
2114 1601
3258 1602
206 1602
3259 1603
3260 1603
3261 1604
2839 1604
2512 1605
109 1605
1605 1606
388 1606
3262 1607
3263 1607
391 1608
77 1608
3264 1609
1607 1609
3265 1610
2844 1610
2274 1611
206 1611
1610 1612
396 1612
3266 1613
3267 1613
206 1614
2848 1614
3268 1615
0 1615
3269 1616
3270 1616
3258 1617
2114 1617
3271 1618
2114 1618
1618 1619
2113 1619
3272 1620
207 1620
3273 1621
3274 1621
3275 1622
2839 1622
2512 1623
110 1623
1623 1624
388 1624
3276 1625
3277 1625
391 1626
78 1626
3278 1627
1625 1627
3279 1628
2844 1628
2274 1629
207 1629
1628 1630
396 1630
3280 1631
3281 1631
207 1632
2848 1632
3282 1633
0 1633
3283 1634
3284 1634
2113 1635
206 1635
3285 1636
2113 1636
3258 1637
233 1637
3286 1638
1636 1638
1638 1639
2112 1639
3287 1640
208 1640
3288 1641
3289 1641
3290 1642
2839 1642
2512 1643
111 1643
1643 1644
388 1644
3291 1645
3292 1645
391 1646
79 1646
3293 1647
1645 1647
3294 1648
2844 1648
2274 1649
208 1649
1648 1650
396 1650
3295 1651
3296 1651
208 1652
2848 1652
3297 1653
0 1653
3298 1654
3299 1654
3287 1655
2112 1655
3300 1656
2112 1656
1656 1657
2111 1657
3301 1658
209 1658
3302 1659
3303 1659
3304 1660
2839 1660
2512 1661
112 1661
1661 1662
388 1662
3305 1663
3306 1663
391 1664
80 1664
3307 1665
1663 1665
3308 1666
2844 1666
2274 1667
209 1667
1666 1668
396 1668
3309 1669
3310 1669
209 1670
2848 1670
3311 1671
0 1671
3312 1672
3313 1672
268 1673
210 1673
1673 1674
230 1674
386 1675
210 1675
3314 1676
386 1676
3315 1677
388 1677
3316 1678
3317 1678
1673 1679
390 1679
3318 1680
2268 1680
1680 1681
1678 1681
394 1682
210 1682
3319 1683
2272 1683
3320 1684
3321 1684
2274 1685
210 1685
3322 1686
396 1686
3323 1687
3324 1687
3325 1688
0 1688
268 1689
211 1689
1689 1690
230 1690
386 1691
211 1691
3326 1692
386 1692
3327 1693
388 1693
3328 1694
3329 1694
3330 1695
268 1695
3331 1696
390 1696
3332 1697
1694 1697
394 1698
211 1698
3333 1699
2272 1699
3334 1700
3335 1700
2274 1701
211 1701
3336 1702
396 1702
3337 1703
3338 1703
3339 1704
0 1704
214 1705
2249 1705
3340 1706
162 1706
3341 1707
3342 1707
215 1708
2245 1708
3343 1709
163 1709
3344 1710
3345 1710
1710 1711
1707 1711
216 1712
2240 1712
3346 1713
164 1713
3347 1714
3348 1714
217 1715
2233 1715
3349 1716
165 1716
3350 1717
3351 1717
1717 1718
1714 1718
1718 1719
1711 1719
218 1720
2228 1720
3352 1721
166 1721
3353 1722
3354 1722
219 1723
2219 1723
3355 1724
167 1724
3356 1725
3357 1725
1725 1726
1722 1726
220 1727
2214 1727
3358 1728
168 1728
3359 1729
3360 1729
221 1730
2207 1730
3361 1731
169 1731
3362 1732
3363 1732
1732 1733
1729 1733
1733 1734
1726 1734
1734 1735
1719 1735
222 1736
2202 1736
3364 1737
170 1737
3365 1738
3366 1738
223 1739
2191 1739
3367 1740
171 1740
3368 1741
3369 1741
1741 1742
1738 1742
224 1743
2186 1743
3370 1744
172 1744
3371 1745
3372 1745
225 1746
2179 1746
3373 1747
173 1747
3374 1748
3375 1748
1748 1749
1745 1749
1749 1750
1742 1750
226 1751
2174 1751
3376 1752
174 1752
3377 1753
3378 1753
227 1754
2165 1754
3379 1755
175 1755
3380 1756
3381 1756
1756 1757
1753 1757
228 1758
2160 1758
3382 1759
176 1759
3383 1760
3384 1760
229 1761
2153 1761
3385 1762
177 1762
3386 1763
3387 1763
1763 1764
1760 1764
1764 1765
1757 1765
1765 1766
1750 1766
1766 1767
1735 1767
3388 1768
212 1768
162 1769
3389 1769
2249 1770
1 1770
3390 1771
3391 1771
163 1772
3392 1772
2245 1773
2 1773
3393 1774
3394 1774
1774 1775
1771 1775
164 1776
3395 1776
2240 1777
3 1777
3396 1778
3397 1778
165 1779
3398 1779
2233 1780
4 1780
3399 1781
3400 1781
1781 1782
1778 1782
1782 1783
1775 1783
166 1784
3401 1784
2228 1785
5 1785
3402 1786
3403 1786
167 1787
3404 1787
2219 1788
6 1788
3405 1789
3406 1789
1789 1790
1786 1790
168 1791
3407 1791
2214 1792
7 1792
3408 1793
3409 1793
169 1794
3410 1794
2207 1795
8 1795
3411 1796
3412 1796
1796 1797
1793 1797
1797 1798
1790 1798
1798 1799
1783 1799
170 1800
3413 1800
2202 1801
9 1801
3414 1802
3415 1802
171 1803
3416 1803
2191 1804
10 1804
3417 1805
3418 1805
1805 1806
1802 1806
172 1807
3419 1807
2186 1808
11 1808
3420 1809
3421 1809
173 1810
3422 1810
2179 1811
12 1811
3423 1812
3424 1812
1812 1813
1809 1813
1813 1814
1806 1814
174 1815
3425 1815
2174 1816
13 1816
3426 1817
3427 1817
175 1818
3428 1818
2165 1819
14 1819
3429 1820
3430 1820
1820 1821
1817 1821
176 1822
3431 1822
2160 1823
15 1823
3432 1824
3433 1824
177 1825
3434 1825
2153 1826
16 1826
3435 1827
3436 1827
1827 1828
1824 1828
1828 1829
1821 1829
1829 1830
1814 1830
1830 1831
1799 1831
1831 1832
212 1832
3437 1833
1831 1833
3343 1834
3340 1834
3349 1835
3346 1835
1835 1836
1834 1836
3355 1837
3352 1837
3361 1838
3358 1838
1838 1839
1837 1839
1839 1840
1836 1840
3367 1841
3364 1841
3373 1842
3370 1842
1842 1843
1841 1843
3379 1844
3376 1844
3385 1845
3382 1845
1845 1846
1844 1846
1846 1847
1843 1847
1847 1848
1840 1848
3438 1849
1768 1849
1848 1850
3439 1850
3440 1851
3441 1851
391 1852
212 1852
3442 1853
2268 1853
3443 1854
3444 1854
3445 1855
0 1855
215 1856
3340 1856
1856 1857
1835 1857
1857 1858
1839 1858
1858 1859
1847 1859
1859 1860
3446 1860
1860 1861
0 1861
3438 1862
3340 1862
1848 1863
3389 1863
3447 1864
3448 1864
3449 1865
0 1865
215 1866
214 1866
3450 1867
3451 1867
3392 1868
3389 1868
2 1869
1 1869
3452 1870
3453 1870
3454 1871
3438 1871
3455 1872
1848 1872
3456 1873
3457 1873
3458 1874
0 1874
3343 1875
214 1875
3459 1876
3343 1876
1876 1877
3346 1877
3460 1878
216 1878
3461 1879
3462 1879
3392 1880
1 1880
3463 1881
3392 1881
1881 1882
3395 1882
3464 1883
3 1883
3465 1884
3466 1884
3467 1885
3438 1885
3468 1886
1848 1886
3469 1887
3470 1887
3471 1888
0 1888
3460 1889
3346 1889
3472 1890
3346 1890
1890 1891
3349 1891
3473 1892
217 1892
3474 1893
3475 1893
3464 1894
3395 1894
3476 1895
3395 1895
1895 1896
3398 1896
3477 1897
4 1897
3478 1898
3479 1898
3480 1899
3438 1899
3481 1900
1848 1900
3482 1901
3483 1901
3484 1902
0 1902
3349 1903
216 1903
3485 1904
3349 1904
3460 1905
1835 1905
3486 1906
1904 1906
1906 1907
3352 1907
3487 1908
218 1908
3488 1909
3489 1909
3398 1910
3 1910
3490 1911
3398 1911
3398 1912
3395 1912
1912 1913
3464 1913
3491 1914
1911 1914
1914 1915
3401 1915
3492 1916
5 1916
3493 1917
3494 1917
3495 1918
3438 1918
3496 1919
1848 1919
3497 1920
3498 1920
3499 1921
0 1921
3487 1922
3352 1922
3500 1923
3352 1923
1923 1924
3355 1924
3501 1925
219 1925
3502 1926
3503 1926
3492 1927
3401 1927
3504 1928
3401 1928
1928 1929
3404 1929
3505 1930
6 1930
3506 1931
3507 1931
3508 1932
3438 1932
3509 1933
1848 1933
3510 1934
3511 1934
3512 1935
0 1935
3355 1936
218 1936
3513 1937
3355 1937
3487 1938
1837 1938
3514 1939
1937 1939
1939 1940
3358 1940
3515 1941
220 1941
3516 1942
3517 1942
3404 1943
5 1943
3518 1944
3404 1944
3404 1945
3401 1945
1945 1946
3492 1946
3519 1947
1944 1947
1947 1948
3407 1948
3520 1949
7 1949
3521 1950
3522 1950
3523 1951
3438 1951
3524 1952
1848 1952
3525 1953
3526 1953
3527 1954
0 1954
3515 1955
3358 1955
3528 1956
3358 1956
1956 1957
3361 1957
3529 1958
221 1958
3530 1959
3531 1959
3520 1960
3407 1960
3532 1961
3407 1961
1961 1962
3410 1962
3533 1963
8 1963
3534 1964
3535 1964
3536 1965
3438 1965
3537 1966
1848 1966
3538 1967
3539 1967
3540 1968
0 1968
3361 1969
220 1969
3541 1970
3361 1970
3542 1971
1838 1971
3543 1972
1970 1972
3487 1973
1839 1973
3544 1974
1972 1974
1974 1975
3364 1975
3545 1976
222 1976
3546 1977
3547 1977
3410 1978
7 1978
3548 1979
3410 1979
3410 1980
3407 1980
1980 1981
3549 1981
3550 1982
1979 1982
1980 1983
1945 1983
1983 1984
3492 1984
3551 1985
1982 1985
1985 1986
3413 1986
3552 1987
9 1987
3553 1988
3554 1988
3555 1989
3438 1989
3556 1990
1848 1990
3557 1991
3558 1991
3559 1992
0 1992
3545 1993
3364 1993
3560 1994
3364 1994
1994 1995
3367 1995
3561 1996
223 1996
3562 1997
3563 1997
3552 1998
3413 1998
3564 1999
3413 1999
1999 2000
3416 2000
3565 2001
10 2001
3566 2002
3567 2002
3568 2003
3438 2003
3569 2004
1848 2004
3570 2005
3571 2005
3572 2006
0 2006
3367 2007
222 2007
3573 2008
3367 2008
3545 2009
1841 2009
3574 2010
2008 2010
2010 2011
3370 2011
3575 2012
224 2012
3576 2013
3577 2013
3416 2014
9 2014
3578 2015
3416 2015
3416 2016
3413 2016
2016 2017
3552 2017
3579 2018
2015 2018
2018 2019
3419 2019
3580 2020
11 2020
3581 2021
3582 2021
3583 2022
3438 2022
3584 2023
1848 2023
3585 2024
3586 2024
3587 2025
0 2025
3575 2026
3370 2026
3588 2027
3370 2027
2027 2028
3373 2028
3589 2029
225 2029
3590 2030
3591 2030
3580 2031
3419 2031
3592 2032
3419 2032
2032 2033
3422 2033
3593 2034
12 2034
3594 2035
3595 2035
3596 2036
3438 2036
3597 2037
1848 2037
3598 2038
3599 2038
3600 2039
0 2039
3373 2040
224 2040
3601 2041
3373 2041
3602 2042
1842 2042
3603 2043
2041 2043
3545 2044
1843 2044
3604 2045
2043 2045
2045 2046
3376 2046
3605 2047
226 2047
3606 2048
3607 2048
3422 2049
11 2049
3608 2050
3422 2050
3422 2051
3419 2051
2051 2052
3609 2052
3610 2053
2050 2053
2051 2054
2016 2054
2054 2055
3552 2055
3611 2056
2053 2056
2056 2057
3425 2057
3612 2058
13 2058
3613 2059
3614 2059
3615 2060
3438 2060
3616 2061
1848 2061
3617 2062
3618 2062
3619 2063
0 2063
3605 2064
3376 2064
3620 2065
3376 2065
2065 2066
3379 2066
3621 2067
227 2067
3622 2068
3623 2068
3612 2069
3425 2069
3624 2070
3425 2070
2070 2071
3428 2071
3625 2072
14 2072
3626 2073
3627 2073
3628 2074
3438 2074
3629 2075
1848 2075
3630 2076
3631 2076
3632 2077
0 2077
3379 2078
226 2078
3633 2079
3379 2079
3605 2080
1844 2080
3634 2081
2079 2081
2081 2082
3382 2082
3635 2083
228 2083
3636 2084
3637 2084
3428 2085
13 2085
3638 2086
3428 2086
3428 2087
3425 2087
2087 2088
3612 2088
3639 2089
2086 2089
2089 2090
3431 2090
3640 2091
15 2091
3641 2092
3642 2092
3643 2093
3438 2093
3644 2094
1848 2094
3645 2095
3646 2095
3647 2096
0 2096
3635 2097
3382 2097
3648 2098
3382 2098
2098 2099
3385 2099
3649 2100
229 2100
3650 2101
3651 2101
3640 2102
3431 2102
3652 2103
3431 2103
2103 2104
3434 2104
3653 2105
16 2105
3654 2106
3655 2106
3656 2107
3438 2107
3657 2108
1848 2108
3658 2109
3659 2109
3660 2110
0 2110
209 2111
208 2112
207 2113
206 2114
205 2115
204 2116
203 2117
202 2118
201 2119
200 2120
199 2121
198 2122
197 2123
196 2124
195 2125
194 2126
193 2127
192 2128
191 2129
190 2130
189 2131
188 2132
187 2133
186 2134
185 2135
184 2136
183 2137
182 2138
181 2139
180 2140
179 2141
266 2142
267 2143
268 2144
269 2145
270 2146
271 2147
146 2148
113 2149
274 2150
273 2151
48 2152
177 2153
278 2154
277 2155
47 2156
279 2157
281 2158
276 2159
176 2160
284 2161
283 2162
285 2163
46 2164
175 2165
289 2166
288 2167
45 2168
290 2169
292 2170
287 2171
293 2172
294 2173
174 2174
297 2175
296 2176
298 2177
44 2178
173 2179
303 2180
302 2181
43 2182
304 2183
306 2184
301 2185
172 2186
309 2187
308 2188
310 2189
42 2190
171 2191
314 2192
313 2193
41 2194
315 2195
317 2196
312 2197
318 2198
319 2199
320 2200
321 2201
170 2202
324 2203
323 2204
325 2205
40 2206
169 2207
331 2208
330 2209
39 2210
332 2211
334 2212
329 2213
168 2214
337 2215
336 2216
338 2217
38 2218
167 2219
342 2220
341 2221
37 2222
343 2223
345 2224
340 2225
346 2226
347 2227
166 2228
350 2229
349 2230
351 2231
36 2232
165 2233
356 2234
355 2235
35 2236
357 2237
359 2238
354 2239
164 2240
362 2241
361 2242
363 2243
34 2244
163 2245
367 2246
366 2247
33 2248
162 2249
371 2250
370 2251
369 2252
373 2253
368 2254
374 2255
365 2256
375 2257
376 2258
377 2259
378 2260
379 2261
380 2262
372 2263
385 2264
381 2265
210 2266
211 2267
391 2268
390 2269
388 2270
230 2271
394 2272
145 2273
396 2274
398 2275
397 2276
399 2277
147 2278
114 2279
402 2280
401 2281
404 2282
403 2283
405 2284
407 2285
406 2286
408 2287
413 2288
412 2289
414 2290
148 2291
115 2292
417 2293
416 2294
420 2295
419 2296
418 2297
421 2298
423 2299
422 2300
424 2301
429 2302
428 2303
430 2304
149 2305
116 2306
433 2307
432 2308
436 2309
435 2310
434 2311
437 2312
439 2313
438 2314
440 2315
445 2316
444 2317
446 2318
150 2319
117 2320
449 2321
448 2322
452 2323
451 2324
455 2325
450 2326
456 2327
458 2328
457 2329
459 2330
464 2331
463 2332
465 2333
151 2334
118 2335
468 2336
467 2337
471 2338
470 2339
469 2340
472 2341
474 2342
473 2343
475 2344
480 2345
479 2346
481 2347
152 2348
119 2349
484 2350
483 2351
487 2352
486 2353
490 2354
485 2355
491 2356
493 2357
492 2358
494 2359
499 2360
498 2361
500 2362
153 2363
120 2364
503 2365
502 2366
506 2367
505 2368
504 2369
507 2370
509 2371
508 2372
510 2373
515 2374
514 2375
516 2376
154 2377
121 2378
519 2379
518 2380
522 2381
521 2382
488 2383
525 2384
528 2385
520 2386
529 2387
531 2388
530 2389
532 2390
537 2391
536 2392
538 2393
155 2394
122 2395
541 2396
540 2397
544 2398
543 2399
542 2400
545 2401
547 2402
546 2403
548 2404
553 2405
552 2406
554 2407
156 2408
123 2409
557 2410
556 2411
560 2412
559 2413
563 2414
558 2415
564 2416
566 2417
565 2418
567 2419
572 2420
571 2421
573 2422
157 2423
124 2424
576 2425
575 2426
579 2427
578 2428
577 2429
580 2430
582 2431
581 2432
583 2433
588 2434
587 2435
589 2436
158 2437
125 2438
592 2439
591 2440
595 2441
594 2442
561 2443
598 2444
601 2445
593 2446
602 2447
604 2448
603 2449
605 2450
610 2451
609 2452
611 2453
159 2454
126 2455
614 2456
613 2457
617 2458
616 2459
615 2460
618 2461
620 2462
619 2463
621 2464
626 2465
625 2466
627 2467
160 2468
127 2469
630 2470
629 2471
633 2472
632 2473
636 2474
631 2475
637 2476
639 2477
638 2478
640 2479
645 2480
644 2481
646 2482
161 2483
128 2484
649 2485
648 2486
652 2487
651 2488
650 2489
653 2490
655 2491
654 2492
656 2493
661 2494
660 2495
662 2496
129 2497
666 2498
665 2499
669 2500
668 2501
634 2502
672 2503
599 2504
675 2505
678 2506
667 2507
679 2508
681 2509
680 2510
682 2511
386 2512
684 2513
683 2514
685 2515
686 2516
664 2517
392 2518
688 2519
689 2520
692 2521
691 2522
693 2523
130 2524
697 2525
696 2526
700 2527
699 2528
698 2529
701 2530
703 2531
702 2532
704 2533
706 2534
705 2535
707 2536
708 2537
695 2538
710 2539
711 2540
714 2541
713 2542
715 2543
131 2544
719 2545
718 2546
722 2547
721 2548
725 2549
720 2550
726 2551
728 2552
727 2553
729 2554
731 2555
730 2556
732 2557
733 2558
717 2559
735 2560
736 2561
739 2562
738 2563
740 2564
132 2565
744 2566
743 2567
747 2568
746 2569
745 2570
748 2571
750 2572
749 2573
751 2574
753 2575
752 2576
754 2577
755 2578
742 2579
757 2580
758 2581
761 2582
760 2583
762 2584
133 2585
766 2586
765 2587
769 2588
768 2589
723 2590
772 2591
775 2592
767 2593
776 2594
778 2595
777 2596
779 2597
781 2598
780 2599
782 2600
783 2601
764 2602
785 2603
786 2604
789 2605
788 2606
790 2607
134 2608
794 2609
793 2610
797 2611
796 2612
795 2613
798 2614
800 2615
799 2616
801 2617
803 2618
802 2619
804 2620
805 2621
792 2622
807 2623
808 2624
811 2625
810 2626
812 2627
135 2628
816 2629
815 2630
819 2631
818 2632
822 2633
817 2634
823 2635
825 2636
824 2637
826 2638
828 2639
827 2640
829 2641
830 2642
814 2643
832 2644
833 2645
836 2646
835 2647
837 2648
136 2649
841 2650
840 2651
844 2652
843 2653
842 2654
845 2655
847 2656
846 2657
848 2658
850 2659
849 2660
851 2661
852 2662
839 2663
854 2664
855 2665
858 2666
857 2667
859 2668
137 2669
863 2670
862 2671
866 2672
865 2673
820 2674
869 2675
773 2676
872 2677
875 2678
864 2679
876 2680
878 2681
877 2682
879 2683
881 2684
880 2685
882 2686
883 2687
861 2688
885 2689
886 2690
889 2691
888 2692
890 2693
138 2694
894 2695
893 2696
897 2697
896 2698
895 2699
898 2700
900 2701
899 2702
901 2703
903 2704
902 2705
904 2706
905 2707
892 2708
907 2709
908 2710
911 2711
910 2712
912 2713
139 2714
916 2715
915 2716
919 2717
918 2718
922 2719
917 2720
923 2721
925 2722
924 2723
926 2724
928 2725
927 2726
929 2727
930 2728
914 2729
932 2730
933 2731
936 2732
935 2733
937 2734
140 2735
941 2736
940 2737
944 2738
943 2739
942 2740
945 2741
947 2742
946 2743
948 2744
950 2745
949 2746
951 2747
952 2748
939 2749
954 2750
955 2751
958 2752
957 2753
959 2754
141 2755
963 2756
962 2757
966 2758
965 2759
920 2760
969 2761
972 2762
964 2763
973 2764
975 2765
974 2766
976 2767
978 2768
977 2769
979 2770
980 2771
961 2772
982 2773
983 2774
986 2775
985 2776
987 2777
142 2778
991 2779
990 2780
994 2781
993 2782
992 2783
995 2784
997 2785
996 2786
998 2787
1000 2788
999 2789
1001 2790
1002 2791
989 2792
1004 2793
1005 2794
1008 2795
1007 2796
1009 2797
143 2798
1013 2799
1012 2800
1016 2801
1015 2802
1019 2803
1014 2804
1020 2805
1022 2806
1021 2807
1023 2808
1025 2809
1024 2810
1026 2811
1027 2812
1011 2813
1029 2814
1030 2815
1033 2816
1032 2817
1034 2818
144 2819
1038 2820
1037 2821
1041 2822
1040 2823
1039 2824
1042 2825
1044 2826
1043 2827
1045 2828
1047 2829
1046 2830
1048 2831
1049 2832
1036 2833
1051 2834
1052 2835
1055 2836
1054 2837
1056 2838
1058 2839
178 2840
1061 2841
1059 2842
1063 2843
1066 2844
1064 2845
1069 2846
1068 2847
0 2848
1070 2849
1072 2850
1071 2851
1075 2852
1074 2853
1076 2854
1079 2855
1077 2856
1081 2857
1082 2858
1085 2859
1084 2860
1086 2861
1088 2862
1087 2863
262 2864
1090 2865
1092 2866
1091 2867
1093 2868
1096 2869
1094 2870
1098 2871
1099 2872
1102 2873
1101 2874
1103 2875
1105 2876
1104 2877
1107 2878
1108 2879
1110 2880
1109 2881
1111 2882
1114 2883
1112 2884
1116 2885
1117 2886
1120 2887
1119 2888
1121 2889
1123 2890
1122 2891
1125 2892
1127 2893
1128 2894
1130 2895
1129 2896
1131 2897
1134 2898
1132 2899
1136 2900
1137 2901
1140 2902
1139 2903
1141 2904
1143 2905
1142 2906
1145 2907
1146 2908
1148 2909
1147 2910
1149 2911
1152 2912
1150 2913
1154 2914
1155 2915
1158 2916
1157 2917
1159 2918
1161 2919
1160 2920
1163 2921
1165 2922
1166 2923
1168 2924
1167 2925
1169 2926
1172 2927
1170 2928
1174 2929
1175 2930
1178 2931
1177 2932
1179 2933
1181 2934
1180 2935
1183 2936
1184 2937
1186 2938
1185 2939
1187 2940
1190 2941
1188 2942
1192 2943
1193 2944
1196 2945
1195 2946
1197 2947
1199 2948
1198 2949
1201 2950
1164 2951
1203 2952
1205 2953
1206 2954
1208 2955
1207 2956
1209 2957
1212 2958
1210 2959
1214 2960
1215 2961
1218 2962
1217 2963
1219 2964
1221 2965
1220 2966
1223 2967
1224 2968
1226 2969
1225 2970
1227 2971
1230 2972
1228 2973
1232 2974
1233 2975
1236 2976
1235 2977
1237 2978
1239 2979
1238 2980
1241 2981
1243 2982
1244 2983
1246 2984
1245 2985
1247 2986
1250 2987
1248 2988
1252 2989
1253 2990
1256 2991
1255 2992
1257 2993
1259 2994
1258 2995
1261 2996
1262 2997
1264 2998
1263 2999
1265 3000
1268 3001
1266 3002
1270 3003
1271 3004
1274 3005
1273 3006
1275 3007
1277 3008
1276 3009
1279 3010
1242 3011
1281 3012
1283 3013
1284 3014
1286 3015
1285 3016
1287 3017
1290 3018
1288 3019
1292 3020
1293 3021
1296 3022
1295 3023
1297 3024
1299 3025
1298 3026
1301 3027
1302 3028
1304 3029
1303 3030
1305 3031
1308 3032
1306 3033
1310 3034
1311 3035
1314 3036
1313 3037
1315 3038
1317 3039
1316 3040
1319 3041
1321 3042
1322 3043
1324 3044
1323 3045
1325 3046
1328 3047
1326 3048
1330 3049
1331 3050
1334 3051
1333 3052
1335 3053
1337 3054
1336 3055
1339 3056
1340 3057
1342 3058
1341 3059
1343 3060
1346 3061
1344 3062
1348 3063
1349 3064
1352 3065
1351 3066
1353 3067
1355 3068
1354 3069
1357 3070
1320 3071
1359 3072
1282 3073
1361 3074
1363 3075
1364 3076
1366 3077
1365 3078
1367 3079
1370 3080
1368 3081
1372 3082
1373 3083
1376 3084
1375 3085
1377 3086
1379 3087
1378 3088
1381 3089
1382 3090
1384 3091
1383 3092
1385 3093
1388 3094
1386 3095
1390 3096
1391 3097
1394 3098
1393 3099
1395 3100
1397 3101
1396 3102
1399 3103
1401 3104
1402 3105
1404 3106
1403 3107
1405 3108
1408 3109
1406 3110
1410 3111
1411 3112
1414 3113
1413 3114
1415 3115
1417 3116
1416 3117
1419 3118
1420 3119
1422 3120
1421 3121
1423 3122
1426 3123
1424 3124
1428 3125
1429 3126
1432 3127
1431 3128
1433 3129
1435 3130
1434 3131
1437 3132
1400 3133
1439 3134
1441 3135
1442 3136
1444 3137
1443 3138
1445 3139
1448 3140
1446 3141
1450 3142
1451 3143
1454 3144
1453 3145
1455 3146
1457 3147
1456 3148
1459 3149
1460 3150
1462 3151
1461 3152
1463 3153
1466 3154
1464 3155
1468 3156
1469 3157
1472 3158
1471 3159
1473 3160
1475 3161
1474 3162
1477 3163
1479 3164
1480 3165
1482 3166
1481 3167
1483 3168
1486 3169
1484 3170
1488 3171
1489 3172
1492 3173
1491 3174
1493 3175
1495 3176
1494 3177
1497 3178
1498 3179
1500 3180
1499 3181
1501 3182
1504 3183
1502 3184
1506 3185
1507 3186
1510 3187
1509 3188
1511 3189
1513 3190
1512 3191
1515 3192
1478 3193
1517 3194
1440 3195
1519 3196
1521 3197
1522 3198
1524 3199
1523 3200
1525 3201
1528 3202
1526 3203
1530 3204
1531 3205
1534 3206
1533 3207
1535 3208
1537 3209
1536 3210
1539 3211
1540 3212
1542 3213
1541 3214
1543 3215
1546 3216
1544 3217
1548 3218
1549 3219
1552 3220
1551 3221
1553 3222
1555 3223
1554 3224
1557 3225
1559 3226
1560 3227
1562 3228
1561 3229
1563 3230
1566 3231
1564 3232
1568 3233
1569 3234
1572 3235
1571 3236
1573 3237
1575 3238
1574 3239
1577 3240
1578 3241
1580 3242
1579 3243
1581 3244
1584 3245
1582 3246
1586 3247
1587 3248
1590 3249
1589 3250
1591 3251
1593 3252
1592 3253
1595 3254
1558 3255
1597 3256
1599 3257
1600 3258
1602 3259
1601 3260
1603 3261
1606 3262
1604 3263
1608 3264
1609 3265
1612 3266
1611 3267
1613 3268
1615 3269
1614 3270
1617 3271
1618 3272
1620 3273
1619 3274
1621 3275
1624 3276
1622 3277
1626 3278
1627 3279
1630 3280
1629 3281
1631 3282
1633 3283
1632 3284
1635 3285
1637 3286
1638 3287
1640 3288
1639 3289
1641 3290
1644 3291
1642 3292
1646 3293
1647 3294
1650 3295
1649 3296
1651 3297
1653 3298
1652 3299
1655 3300
1656 3301
1658 3302
1657 3303
1659 3304
1662 3305
1660 3306
1664 3307
1665 3308
1668 3309
1667 3310
1669 3311
1671 3312
1670 3313
1675 3314
1676 3315
1677 3316
1674 3317
1679 3318
1681 3319
1683 3320
1682 3321
1684 3322
1686 3323
1685 3324
1687 3325
1691 3326
1692 3327
1693 3328
1690 3329
1689 3330
1695 3331
1696 3332
1697 3333
1699 3334
1698 3335
1700 3336
1702 3337
1701 3338
1703 3339
214 3340
1706 3341
1705 3342
215 3343
1709 3344
1708 3345
216 3346
1713 3347
1712 3348
217 3349
1716 3350
1715 3351
218 3352
1721 3353
1720 3354
219 3355
1724 3356
1723 3357
220 3358
1728 3359
1727 3360
221 3361
1731 3362
1730 3363
222 3364
1737 3365
1736 3366
223 3367
1740 3368
1739 3369
224 3370
1744 3371
1743 3372
225 3373
1747 3374
1746 3375
226 3376
1752 3377
1751 3378
227 3379
1755 3380
1754 3381
228 3382
1759 3383
1758 3384
229 3385
1762 3386
1761 3387
1767 3388
1 3389
1770 3390
1769 3391
2 3392
1773 3393
1772 3394
3 3395
1777 3396
1776 3397
4 3398
1780 3399
1779 3400
5 3401
1785 3402
1784 3403
6 3404
1788 3405
1787 3406
7 3407
1792 3408
1791 3409
8 3410
1795 3411
1794 3412
9 3413
1801 3414
1800 3415
10 3416
1804 3417
1803 3418
11 3419
1808 3420
1807 3421
12 3422
1811 3423
1810 3424
13 3425
1816 3426
1815 3427
14 3428
1819 3429
1818 3430
15 3431
1823 3432
1822 3433
16 3434
1826 3435
1825 3436
1832 3437
1848 3438
1833 3439
1850 3440
1849 3441
1851 3442
1853 3443
1852 3444
1854 3445
213 3446
1863 3447
1862 3448
1864 3449
1866 3450
1834 3451
1869 3452
1868 3453
1867 3454
1870 3455
1872 3456
1871 3457
1873 3458
1875 3459
1876 3460
1878 3461
1877 3462
1880 3463
1881 3464
1883 3465
1882 3466
1879 3467
1884 3468
1886 3469
1885 3470
1887 3471
1889 3472
1890 3473
1892 3474
1891 3475
1894 3476
1895 3477
1897 3478
1896 3479
1893 3480
1898 3481
1900 3482
1899 3483
1901 3484
1903 3485
1905 3486
1906 3487
1908 3488
1907 3489
1910 3490
1913 3491
1914 3492
1916 3493
1915 3494
1909 3495
1917 3496
1919 3497
1918 3498
1920 3499
1922 3500
1923 3501
1925 3502
1924 3503
1927 3504
1928 3505
1930 3506
1929 3507
1926 3508
1931 3509
1933 3510
1932 3511
1934 3512
1936 3513
1938 3514
1939 3515
1941 3516
1940 3517
1943 3518
1946 3519
1947 3520
1949 3521
1948 3522
1942 3523
1950 3524
1952 3525
1951 3526
1953 3527
1955 3528
1956 3529
1958 3530
1957 3531
1960 3532
1961 3533
1963 3534
1962 3535
1959 3536
1964 3537
1966 3538
1965 3539
1967 3540
1969 3541
1937 3542
1971 3543
1973 3544
1974 3545
1976 3546
1975 3547
1978 3548
1944 3549
1981 3550
1984 3551
1985 3552
1987 3553
1986 3554
1977 3555
1988 3556
1990 3557
1989 3558
1991 3559
1993 3560
1994 3561
1996 3562
1995 3563
1998 3564
1999 3565
2001 3566
2000 3567
1997 3568
2002 3569
2004 3570
2003 3571
2005 3572
2007 3573
2009 3574
2010 3575
2012 3576
2011 3577
2014 3578
2017 3579
2018 3580
2020 3581
2019 3582
2013 3583
2021 3584
2023 3585
2022 3586
2024 3587
2026 3588
2027 3589
2029 3590
2028 3591
2031 3592
2032 3593
2034 3594
2033 3595
2030 3596
2035 3597
2037 3598
2036 3599
2038 3600
2040 3601
