398
100 0
267 2142 261 266 260 246 265 259 253 245 238 264 258 256 252 249 244 241 237 234 263 257 2141 255 254 251 250 248 247 243 242 240 239 236 235 233 232 262 2139 2140 179 2137 2138 2135 2136 2133 2134 2131 2132 2129 2130 2127 2128 2125 2126 2123 2124 2121 2122 2119 2120 2117 2118 2115 2116 2113 2114 2111 2112 178 181 180 183 182 185 184 187 186 189 188 191 190 193 192 195 194 197 196 199 198 201 200 203 202 205 204 207 206 209 208 
19 0
282 2158 2159 281 276 280 2157 177 2152 176 2156 279 48 47 2154 2155 278 277 2153 
19 0
293 2170 2171 292 287 291 2169 175 2164 174 2168 290 46 45 2166 2167 289 288 2165 
19 0
307 2184 2185 306 301 305 2183 173 2178 172 2182 304 44 43 2180 2181 303 302 2179 
19 0
318 2196 2197 317 312 316 2195 171 2190 170 2194 315 42 41 2192 2193 314 313 2191 
87 0
328 327 300 326 311 299 286 2205 2195 2189 2183 2177 2169 2163 2157 325 315 310 304 298 290 285 279 2203 2204 2192 2193 2187 2188 2180 2181 2175 2176 2166 2167 2161 2162 2154 2155 324 323 314 313 309 308 303 302 297 296 289 288 284 283 278 277 2202 2194 170 41 2191 2190 171 42 2186 2182 172 43 2179 2178 173 44 2174 2168 174 45 2165 2164 175 46 2160 2156 176 47 2153 2152 177 48 
19 0
335 2212 2213 334 329 333 2211 169 2206 168 2210 332 40 39 2208 2209 331 330 2207 
19 0
346 2224 2225 345 340 344 2223 167 2218 166 2222 343 38 37 2220 2221 342 341 2219 
19 0
360 2238 2239 359 354 358 2237 165 2232 164 2236 357 36 35 2234 2235 356 355 2233 
87 0
384 383 353 382 364 352 339 2263 2254 2243 2237 2231 2223 2217 2211 372 368 363 357 351 343 338 332 2250 2251 2246 2247 2241 2242 2234 2235 2229 2230 2220 2221 2215 2216 2208 2209 371 370 367 366 362 361 356 355 350 349 342 341 337 336 331 330 2249 2248 162 33 2245 2244 163 34 2240 2236 164 35 2233 2232 165 36 2228 2222 166 37 2219 2218 167 38 2214 2210 168 39 2207 2206 169 40 
19 0
453 2323 2324 452 451 435 2311 149 2306 148 2292 434 116 115 2307 2308 433 432 2305 
19 0
488 2352 2353 487 486 470 2340 151 2335 150 2320 469 118 117 2336 2337 468 467 2334 
19 0
523 2381 2382 522 521 505 2369 153 2364 152 2349 504 120 119 2365 2366 503 502 2363 
19 0
561 2412 2413 560 559 543 2400 155 2395 154 2378 542 122 121 2396 2397 541 540 2394 
19 0
596 2441 2442 595 594 578 2429 157 2424 156 2409 577 124 123 2425 2426 576 575 2423 
19 0
634 2472 2473 633 632 616 2460 159 2455 158 2438 615 126 125 2456 2457 614 613 2454 
19 0
670 2500 2501 669 668 651 2489 161 2484 160 2469 650 128 127 2485 2486 649 648 2483 
87 0
677 674 600 671 635 597 562 2489 2475 2460 2446 2429 2415 2400 2386 650 631 615 593 577 558 542 520 2485 2486 2470 2471 2456 2457 2439 2440 2425 2426 2410 2411 2396 2397 2379 2380 649 648 630 629 614 613 592 591 576 575 557 556 541 540 519 518 2483 2484 161 128 2468 2469 160 127 2454 2455 159 126 2437 2438 158 125 2423 2424 157 124 2408 2409 156 123 2394 2395 155 122 2377 2378 154 121 
19 0
723 2547 2548 722 721 699 2529 163 2524 162 2497 698 130 129 2525 2526 697 696 2245 
19 0
770 2588 2589 769 768 746 2570 165 2565 164 2544 745 132 131 2566 2567 744 743 2233 
19 0
820 2631 2632 819 818 796 2613 167 2608 166 2585 795 134 133 2609 2610 794 793 2219 
19 0
867 2672 2673 866 865 843 2654 169 2649 168 2628 842 136 135 2650 2651 841 840 2207 
87 0
874 871 774 868 821 771 724 2654 2634 2613 2593 2570 2550 2529 2507 842 817 795 767 745 720 698 667 2650 2651 2629 2630 2609 2610 2586 2587 2566 2567 2545 2546 2525 2526 2498 2499 841 840 816 815 794 793 766 765 744 743 719 718 697 696 666 665 2207 2649 169 136 2214 2628 168 135 2219 2608 167 134 2228 2585 166 133 2233 2565 165 132 2240 2544 164 131 2245 2524 163 130 2249 2497 162 129 
19 0
920 2717 2718 919 918 896 2699 171 2694 170 2669 895 138 137 2695 2696 894 893 2191 
19 0
967 2758 2759 966 965 943 2740 173 2735 172 2714 942 140 139 2736 2737 941 940 2179 
19 0
1017 2801 2802 1016 1015 993 2783 175 2778 174 2755 992 142 141 2779 2780 991 990 2165 
14 0
1093 2866 2867 1092 1091 2865 180 1090 2140 2864 2141 262 179 178 
12 0
1108 2878 2140 1107 180 2865 1090 2864 2141 262 179 178 
18 0
1128 2893 1126 1127 2892 2139 2865 257 1125 181 1090 2140 180 2864 2141 262 179 178 
18 0
1204 2952 1202 1203 2950 2135 2951 254 1201 185 1164 2136 184 2921 2137 1163 183 182 
18 0
1282 3012 1280 1281 3010 2131 3011 250 1279 189 1242 2132 188 2981 2133 1241 187 186 
18 0
1360 3072 1358 1359 3070 2127 3071 247 1357 193 1320 2128 192 3041 2129 1319 191 190 
18 0
1440 3134 1438 1439 3132 2123 3133 242 1437 197 1400 2124 196 3103 2125 1399 195 194 
18 0
1518 3194 1516 1517 3192 2119 3193 239 1515 201 1478 2120 200 3163 2121 1477 199 198 
18 0
1598 3256 1596 1597 3254 2115 3255 235 1595 205 1558 2116 204 3225 2117 1557 203 202 
159 0
1767 1766 1735 1765 1750 1734 1719 1764 1757 1749 1742 1733 1726 1718 1711 1763 1760 1756 1753 1748 1745 1741 1738 1732 1729 1725 1722 1717 1714 1710 1707 3386 3387 3383 3384 3380 3381 3377 3378 3374 3375 3371 3372 3368 3369 3365 3366 3362 3363 3359 3360 3356 3357 3353 3354 3350 3351 3347 3348 3344 3345 3341 3342 1762 1761 1759 1758 1755 1754 1752 1751 1747 1746 1744 1743 1740 1739 1737 1736 1731 1730 1728 1727 1724 1723 1721 1720 1716 1715 1713 1712 1709 1708 1706 1705 3385 177 229 2153 3382 176 228 2160 3379 175 227 2165 3376 174 226 2174 3373 173 225 2179 3370 172 224 2186 3367 171 223 2191 3364 170 222 2202 3361 169 221 2207 3358 168 220 2214 3355 167 219 2219 3352 166 218 2228 3349 165 217 2233 3346 164 216 2240 3343 163 215 2245 3340 162 214 2249 
159 0
1831 1830 1799 1829 1814 1798 1783 1828 1821 1813 1806 1797 1790 1782 1775 1827 1824 1820 1817 1812 1809 1805 1802 1796 1793 1789 1786 1781 1778 1774 1771 3435 3436 3432 3433 3429 3430 3426 3427 3423 3424 3420 3421 3417 3418 3414 3415 3411 3412 3408 3409 3405 3406 3402 3403 3399 3400 3396 3397 3393 3394 3390 3391 1826 1825 1823 1822 1819 1818 1816 1815 1811 1810 1808 1807 1804 1803 1801 1800 1795 1794 1792 1791 1788 1787 1785 1784 1780 1779 1777 1776 1773 1772 1770 1769 2153 16 177 3434 2160 15 176 3431 2165 14 175 3428 2174 13 174 3425 2179 12 173 3422 2186 11 172 3419 2191 10 171 3416 2202 9 170 3413 2207 8 169 3410 2214 7 168 3407 2219 6 167 3404 2228 5 166 3401 2233 4 165 3398 2240 3 164 3395 2245 2 163 3392 2249 1 162 3389 
14 0
1879 3461 3462 1878 1877 3460 216 1876 3346 3459 3343 1875 215 214 
14 0
1884 3465 3466 1883 1882 3464 3 1881 3395 3463 3392 1880 2 1 
12 0
1890 3472 3346 1889 216 3460 1876 3459 3343 1875 215 214 
12 0
1895 3476 3395 1894 3 3464 1881 3463 3392 1880 2 1 
18 0
1906 3486 1904 1905 3485 3349 3460 1835 1903 217 1876 3346 216 3459 3343 1875 215 214 
18 0
1914 3491 1911 1913 3490 3398 1912 3464 1910 4 3395 1881 3 3463 3392 1880 2 1 
18 0
1972 3543 1970 1971 3541 3361 3542 1838 1969 221 1937 3358 220 3513 3355 1936 219 218 
18 0
1982 3550 1979 1981 3548 3410 1980 3549 1978 8 3407 1944 7 3518 3404 1943 6 5 
8 0
2043 3603 2041 3601 3373 2040 225 224 
6 0
2053 3610 2050 3608 3422 12 
25 0
2255 374 2253 2254 373 368 372 2252 2246 2247 2250 2251 369 367 366 371 370 162 2248 2245 2244 163 34 2249 33 
24 0
2285 407 2284 403 405 2280 2281 2282 275 402 401 404 2150 2151 2278 2279 147 114 146 2149 274 273 113 2148 
25 0
2295 420 2284 2283 405 403 2282 275 2280 2281 404 2150 2151 402 401 146 2149 274 273 2278 2279 147 114 113 2148 
50 0
3448 1862 3438 3340 1848 214 1847 1840 1846 1843 1839 1836 1845 1844 1842 1841 1838 1837 1835 1834 3385 3382 3379 3376 3373 3370 3367 3364 3361 3358 3355 3352 3349 3346 3343 229 228 227 226 225 224 223 222 221 220 219 218 217 216 215 
55 0
3457 1871 3454 3438 1867 1848 3450 3451 1847 1840 1866 1834 1846 1843 1839 1836 215 214 3343 3340 1845 1844 1842 1841 1838 1837 1835 3385 3382 3379 3376 3373 3370 3367 3364 3361 3358 3355 3352 3349 3346 229 228 227 226 225 224 223 222 221 220 219 218 217 216 
23 1
270 2145 145 269 2144 231 268 230 213 2143 2142 211 210 267 266 261 265 246 260 264 253 245 238 
75 1
321 2200 300 320 299 286 2199 307 2177 2169 2163 2157 319 2184 2185 298 290 285 279 2198 311 306 301 2175 2176 2166 2167 2161 2162 2154 2155 318 2189 2183 305 173 2178 297 296 289 288 284 283 278 277 2196 2197 310 304 172 2182 44 2174 2168 174 45 2165 2164 175 46 2160 2156 176 47 2153 2152 177 48 317 312 2187 2188 2180 2181 43 
36 1
438 437 2311 2309 2310 434 436 435 2307 2308 2298 2297 148 2292 433 432 421 418 115 2305 2306 149 116 2295 2296 2293 2294 420 419 417 416 2284 2283 147 2279 2291 
49 1
457 456 2326 2325 453 450 455 2323 2324 2321 2322 454 2298 452 451 449 448 2311 2297 421 435 149 2306 2319 2320 150 117 434 418 2295 2296 148 2292 116 2307 2308 2293 2294 420 419 115 433 432 417 416 2284 2283 147 2279 
75 1
675 674 2504 671 635 599 2489 2475 2460 2446 2444 596 650 631 615 593 598 2441 2442 2485 2486 2470 2471 2456 2457 2439 2440 597 2443 595 594 649 648 630 629 614 613 592 591 2429 2415 561 578 157 2424 2483 2484 161 128 2468 2469 160 127 2454 2455 159 126 2437 2438 158 125 577 558 2412 2413 156 2409 124 2425 2426 2410 2411 560 559 123 
75 1
872 871 2676 868 821 773 2654 2634 2613 2593 2591 770 842 817 795 767 772 2588 2589 2650 2651 2629 2630 2609 2610 2586 2587 771 2590 769 768 841 840 816 815 794 793 766 765 2570 2550 723 746 165 2565 2207 2649 169 136 2214 2628 168 135 2219 2608 167 134 2228 2585 166 133 745 720 2547 2548 164 2544 132 2566 2567 2545 2546 722 721 131 
25 1
1112 2882 2839 1111 1058 2880 2881 2269 2271 1110 1109 390 230 2879 181 1108 2139 2267 210 211 2878 2140 1107 180 2865 
29 1
1132 2897 2839 1131 1058 2895 2896 2269 2271 1130 1129 390 230 2894 182 1128 2138 2267 210 211 2893 1126 1127 2892 2139 2865 257 1125 181 
15 1
1148 2908 183 1146 2907 2138 1145 182 2894 1128 2893 1126 1127 2892 2139 
21 1
1168 2923 184 1166 2922 1164 1165 2921 2137 2894 255 1163 183 1128 2138 182 2893 1126 1127 2892 2139 
22 1
1183 2923 2136 1166 184 2922 1164 1165 2921 2137 2894 255 1163 183 1128 2138 182 2893 1126 1127 2892 2139 
33 1
1208 2954 186 1206 2953 1204 1205 2952 1202 2894 256 1203 2950 2135 1128 255 254 2951 1201 185 2893 1126 2137 2138 2136 1164 184 1127 2892 2139 183 182 2921 
34 1
1223 2954 2134 1206 186 2953 1204 1205 2952 1202 2894 256 1203 2950 2135 1128 255 254 2951 1201 185 2893 1126 2137 2138 2136 1164 184 1127 2892 2139 183 182 2921 
37 1
1243 2954 251 1206 2133 2134 2953 1204 187 186 1205 2952 1202 2894 256 1203 2950 2135 1128 255 254 2951 1201 185 2893 1126 2137 2138 2136 1164 184 1127 2892 2139 183 182 2921 
43 1
1283 2954 252 1206 251 250 2953 1204 2133 2134 2131 2132 1205 2952 1202 187 186 189 188 2894 256 1203 2950 2135 1128 255 254 2951 1201 185 2893 1126 2137 2138 2136 1164 184 1127 2892 2139 183 182 2921 
55 1
1363 2954 253 1206 252 249 2953 1204 251 250 248 247 1205 2952 1202 2133 2134 2131 2132 2129 2130 2127 2128 2894 256 1203 2950 2135 187 186 189 188 191 190 193 192 1128 255 254 2951 1201 185 2893 1126 2137 2138 2136 1164 184 1127 2892 2139 183 182 2921 
24 1
1680 3318 2268 1679 391 1673 390 2267 2266 268 210 211 2143 2142 267 266 261 265 246 260 264 253 245 238 
36 1
1888 3471 0 1887 3469 3470 1886 1885 3468 1848 3467 3438 1884 1847 1840 1879 3465 3466 1846 1843 1839 1836 3461 3462 1883 1882 1845 1844 1842 1841 1838 1837 1835 1834 1878 1877 
60 1
1899 3480 3438 1893 1848 3474 3475 1847 1840 1892 1891 1846 1843 1839 1836 3473 217 1890 3349 1845 1844 1842 1841 1838 1837 1835 1834 3472 3346 3385 3382 3379 3376 3373 3370 3367 3364 3361 3358 3355 3352 3343 3340 1889 216 229 228 227 226 225 224 223 222 221 220 219 218 215 214 3460 
63 1
1900 3481 1848 1898 1847 1840 3478 3479 1846 1843 1839 1836 1897 1896 1845 1844 1842 1841 1838 1837 1835 1834 3477 4 1895 3398 3385 3382 3379 3376 3373 3370 3367 3364 3361 3358 3355 3352 3349 3346 3343 3340 3476 3395 229 228 227 226 225 224 223 222 221 220 219 218 217 216 215 214 1894 3 3464 
63 1
1918 3495 3438 1909 1848 3488 3489 1847 1840 1908 1907 1846 1843 1839 1836 3487 218 1906 3352 1845 1844 1842 1841 1838 1837 1835 1834 3486 1904 3385 3382 3379 3376 3373 3370 3367 3364 3361 3358 3355 3349 3346 3343 3340 1905 3485 229 228 227 226 225 224 223 222 221 220 219 217 216 215 214 3460 1903 
67 1
1919 3496 1848 1917 1847 1840 3493 3494 1846 1843 1839 1836 1916 1915 1845 1844 1842 1841 1838 1837 1835 1834 3492 5 1914 3401 3385 3382 3379 3376 3373 3370 3367 3364 3361 3358 3355 3352 3349 3346 3343 3340 3491 1911 229 228 227 226 225 224 223 222 221 220 219 218 217 216 215 214 1913 3490 3398 1912 3464 1910 4 
15 1
1925 3501 219 1923 3500 3352 1922 218 3487 1906 3486 1904 1905 3485 3349 
15 1
1930 3505 6 1928 3504 3401 1927 5 3492 1914 3491 1911 1913 3490 3398 
21 1
1941 3515 220 1939 3514 1937 1938 3513 3355 3487 1837 1936 219 1906 3352 218 3486 1904 1905 3485 3349 
21 1
1949 3520 7 1947 3519 1944 1946 3518 3404 1945 3492 1943 6 3401 1914 5 3491 1911 1913 3490 3398 
22 1
1955 3515 3358 1939 220 3514 1937 1938 3513 3355 3487 1837 1936 219 1906 3352 218 3486 1904 1905 3485 3349 
22 1
1960 3520 3407 1947 7 3519 1944 1946 3518 3404 1945 3492 1943 6 3401 1914 5 3491 1911 1913 3490 3398 
33 1
1976 3545 222 1974 3544 1972 1973 3543 1970 3487 1839 1971 3541 3361 1906 1838 1837 3542 1969 221 3486 1904 3358 3355 3352 1937 220 1905 3485 3349 219 218 3513 
33 1
1987 3552 9 1985 3551 1982 1984 3550 1979 1983 3492 1981 3548 3410 1980 1945 1914 3549 1978 8 3407 3404 3401 3491 1911 1944 7 6 5 1913 3490 3398 3518 
34 1
1993 3545 3364 1974 222 3544 1972 1973 3543 1970 3487 1839 1971 3541 3361 1906 1838 1837 3542 1969 221 3486 1904 3358 3355 3352 1937 220 1905 3485 3349 219 218 3513 
34 1
1998 3552 3413 1985 9 3551 1982 1984 3550 1979 1983 3492 1981 3548 3410 1980 1945 1914 3549 1978 8 3407 3404 3401 3491 1911 1944 7 6 5 1913 3490 3398 3518 
37 1
2009 3545 1841 1974 3367 3364 3544 1972 223 222 1973 3543 1970 3487 1839 1971 3541 3361 1906 1838 1837 3542 1969 221 3486 1904 3358 3355 3352 1937 220 1905 3485 3349 219 218 3513 
37 1
2017 2016 3552 3416 3413 1985 10 9 3551 1982 1984 3550 1979 1983 3492 1981 3548 3410 1980 1945 1914 3549 1978 8 3407 3404 3401 3491 1911 1944 7 6 5 1913 3490 3398 3518 
43 1
2044 3545 1843 1974 1842 1841 3544 1972 3373 3370 3367 3364 1973 3543 1970 225 224 223 222 3487 1839 1971 3541 3361 1906 1838 1837 3542 1969 221 3486 1904 3358 3355 3352 1937 220 1905 3485 3349 219 218 3513 
43 1
2055 2054 3552 2051 2016 1985 3422 3419 3416 3413 3551 1982 12 11 10 9 1984 3550 1979 1983 3492 1981 3548 3410 1980 1945 1914 3549 1978 8 3407 3404 3401 3491 1911 1944 7 6 5 1913 3490 3398 3518 
39 1
2259 377 2258 360 376 2238 2239 2257 364 359 354 375 2243 2237 358 165 2232 2255 2256 363 357 164 2236 36 374 365 2241 2242 2234 2235 35 2253 2254 163 2244 362 361 356 355 
29 1
2301 424 2299 2300 423 422 2298 418 421 2297 2293 2294 2295 2296 417 416 420 419 2291 2292 148 115 2284 2283 147 2279 405 403 114 
26 1
2312 437 2309 2310 436 435 2298 2297 148 2292 421 418 115 2295 2296 2293 2294 420 419 417 416 2284 2283 147 2279 2291 
39 1
2327 456 2325 453 455 2323 2324 454 2298 452 451 2311 2297 421 435 149 2306 434 418 2295 2296 148 2292 116 2307 2308 2293 2294 420 419 115 433 432 417 416 2284 2283 147 2279 
16 1
2910 1147 1146 2137 2907 2138 183 1145 182 2894 1128 2893 1126 1127 2892 2139 
22 1
2925 1167 1166 2136 2922 1164 184 1165 2921 2137 2894 255 1163 183 1128 2138 182 2893 1126 1127 2892 2139 
34 1
2956 1207 1206 2134 2953 1204 186 1205 2952 1202 2894 256 1203 2950 2135 1128 255 254 2951 1201 185 2893 1126 2137 2138 2136 1164 184 1127 2892 2139 183 182 2921 
44 1
3331 1695 3330 268 1689 2143 2142 211 267 266 261 265 246 260 264 253 245 238 259 263 256 252 249 244 241 237 234 258 262 257 255 254 251 250 248 247 243 242 240 239 236 235 233 232 
85 1
3440 1850 1848 3439 1847 1840 1833 1846 1843 1839 1836 3437 1831 1845 1844 1842 1841 1838 1837 1835 1834 1832 1830 1799 3385 3382 3379 3376 3373 3370 3367 3364 3361 3358 3355 3352 3349 3346 3343 3340 212 1829 1814 1798 1783 229 228 227 226 225 224 223 222 221 220 219 218 217 216 215 214 1828 1821 1813 1806 1797 1790 1782 1775 1827 1824 1820 1817 1812 1809 1805 1802 1796 1793 1789 1786 1781 1778 1774 1771 
16 1
3503 1924 1923 3355 3500 3352 219 1922 218 3487 1906 3486 1904 1905 3485 3349 
16 1
3507 1929 1928 3404 3504 3401 6 1927 5 3492 1914 3491 1911 1913 3490 3398 
22 1
3517 1940 1939 3358 3514 1937 220 1938 3513 3355 3487 1837 1936 219 1906 3352 218 3486 1904 1905 3485 3349 
22 1
3522 1948 1947 3407 3519 1944 7 1946 3518 3404 1945 3492 1943 6 3401 1914 5 3491 1911 1913 3490 3398 
34 1
3547 1975 1974 3364 3544 1972 222 1973 3543 1970 3487 1839 1971 3541 3361 1906 1838 1837 3542 1969 221 3486 1904 3358 3355 3352 1937 220 1905 3485 3349 219 218 3513 
34 1
3554 1986 1985 3413 3551 1982 9 1984 3550 1979 1983 3492 1981 3548 3410 1980 1945 1914 3549 1978 8 3407 3404 3401 3491 1911 1944 7 6 5 1913 3490 3398 3518 
17 2
1187 2938 2939 1186 1185 2937 185 1184 2135 2936 2136 1183 184 2923 1166 2922 1164 
17 2
1227 2969 2970 1226 1225 2968 187 1224 2133 2967 2134 1223 186 2954 1206 2953 1204 
23 2
1247 2984 2985 1246 1245 2983 188 1244 2132 2982 1242 1243 2981 2133 2954 251 1241 187 1206 2134 186 2953 1204 
19 2
1262 2996 2132 1261 188 2983 1244 2982 1242 1243 2981 2133 2954 251 1241 187 1206 2134 186 
32 2
1287 3015 3016 1286 1285 3014 190 1284 2130 3013 1282 1283 3012 1280 2954 252 1281 3010 2131 1206 251 250 3011 1279 189 2953 1204 2133 2134 2132 1242 188 
23 2
1302 3027 2130 1301 190 3014 1284 3013 1282 1283 3012 1280 2954 252 1281 3010 2131 1206 251 250 3011 1279 189 
29 2
1322 3042 1320 1321 3041 2129 3014 248 1319 191 1284 2130 190 3013 1282 1283 3012 1280 2954 252 1281 3010 2131 1206 251 250 3011 1279 189 
36 2
1367 3077 3078 1366 1365 3076 194 1364 2126 3075 1362 1363 3074 1360 2954 253 1361 3072 1358 1206 252 249 3073 1359 3070 2127 2953 1204 251 250 248 247 1282 3071 1357 193 
24 2
1382 3089 2126 1381 194 3076 1364 3075 1362 1363 3074 1360 2954 253 1361 3072 1358 1206 252 249 3073 1359 3070 2127 
30 2
1402 3104 1400 1401 3103 2125 3076 243 1399 195 1364 2126 194 3075 1362 1363 3074 1360 2954 253 1361 3072 1358 1206 252 249 3073 1359 3070 2127 
43 2
1442 3135 1440 1441 3134 1438 3076 244 1439 3132 2123 1364 243 242 3133 1437 197 3075 1362 2125 2126 2124 1400 196 1363 3074 1360 195 194 3103 2954 253 1361 3072 1358 1399 1206 252 249 3073 1359 3070 2127 
66 2
1522 3197 1520 1521 3196 1518 3076 245 1519 3194 1516 1364 244 241 3195 1517 3192 2119 3075 1362 243 242 240 239 1440 3193 1515 201 1363 3074 1360 2125 2126 2123 2124 2121 2122 2120 3134 1438 1478 200 2954 253 1361 3072 1358 195 194 197 196 199 198 1439 3132 3163 1206 252 249 3073 1359 3070 2127 3133 1437 1477 
74 2
1934 3510 3511 1933 1932 3509 1848 3508 3438 1931 1847 1840 1926 3506 3507 1846 1843 1839 1836 3502 3503 1930 1929 1845 1844 1842 1841 1838 1837 1835 1834 1925 1924 3505 6 1928 3404 3385 3382 3379 3376 3373 3370 3367 3364 3361 3358 3355 3352 3349 3346 3343 3340 3501 219 1923 3504 3401 229 228 227 226 225 224 223 222 221 220 218 217 216 215 214 3500 
75 2
1953 3525 3526 1952 1951 3524 1848 3523 3438 1950 1847 1840 1942 3521 3522 1846 1843 1839 1836 3516 3517 1949 1948 1845 1844 1842 1841 1838 1837 1835 1834 1941 1940 3520 7 1947 3407 3385 3382 3379 3376 3373 3370 3367 3364 3361 3358 3355 3352 3349 3346 3343 3340 3515 220 1939 3519 1944 229 228 227 226 225 224 223 222 221 219 218 217 216 215 214 3514 1937 
17 2
1959 3530 3531 1958 1957 3529 221 1956 3361 3528 3358 1955 220 3515 1939 3514 1937 
17 2
1964 3534 3535 1963 1962 3533 8 1961 3410 3532 3407 1960 7 3520 1947 3519 1944 
75 2
1991 3557 3558 1990 1989 3556 1848 3555 3438 1988 1847 1840 1977 3553 3554 1846 1843 1839 1836 3546 3547 1987 1986 1845 1844 1842 1841 1838 1837 1835 1834 1976 1975 3552 9 1985 3413 3385 3382 3379 3376 3373 3370 3367 3364 3361 3358 3355 3352 3349 3346 3343 3340 3545 222 1974 3551 1982 229 228 227 226 225 224 223 221 220 219 218 217 216 215 214 3544 1972 
17 2
1997 3562 3563 1996 1995 3561 223 1994 3367 3560 3364 1993 222 3545 1974 3544 1972 
17 2
2002 3566 3567 2001 2000 3565 10 1999 3416 3564 3413 1998 9 3552 1985 3551 1982 
23 2
2013 3576 3577 2012 2011 3575 224 2010 3370 3574 2008 2009 3573 3367 3545 1841 2007 223 1974 3364 222 3544 1972 
23 2
2021 3581 3582 2020 2019 3580 11 2018 3419 3579 2015 2017 3578 3416 2016 3552 2014 10 3413 1985 9 3551 1982 
19 2
2027 3588 3370 2026 224 3575 2010 3574 2008 2009 3573 3367 3545 1841 2007 223 1974 3364 222 
19 2
2032 3592 3419 2031 11 3580 2018 3579 2015 2017 3578 3416 2016 3552 2014 10 3413 1985 9 
3 2
2048 3606 3607 
3 2
2059 3613 3614 
4 2
2065 3620 3376 226 
4 2
2070 3624 3425 13 
6 2
2081 3634 2079 3633 3379 227 
6 2
2089 3639 2086 3638 3428 14 
85 2
2262 380 2261 328 379 327 300 2260 348 326 311 299 286 378 2227 335 2205 2195 2189 2183 2177 2169 2163 2157 2259 353 347 2212 2213 325 315 310 304 298 290 285 279 377 352 339 2226 334 329 2203 2204 2192 2193 2187 2188 2180 2181 2175 2176 2166 2167 2161 2162 2154 2155 2258 360 2231 2223 2217 2211 346 333 169 2206 324 323 314 313 309 308 303 302 297 296 289 288 284 283 278 277 
28 2
2342 474 2341 469 472 2336 2337 2338 2339 468 467 471 470 2334 2335 151 118 2327 2326 150 2320 456 450 117 2325 453 2321 2322 
35 2
2357 493 2356 485 491 2350 2351 2354 488 484 483 490 2352 2353 2348 2349 152 119 489 2327 487 486 2340 2326 456 470 151 2335 469 450 2325 453 150 2320 118 
36 2
2367 506 2356 2355 491 485 2354 488 2350 2351 490 2352 2353 484 483 489 2327 487 486 2348 2349 152 119 2340 2326 456 470 151 2335 469 450 2325 453 150 2320 118 
39 2
2388 531 2387 520 529 2379 2380 2385 526 519 518 528 2384 523 2377 2378 154 121 527 2327 525 2381 2382 524 489 456 2383 522 521 2369 2355 2340 2326 2325 453 488 505 153 2364 
40 2
2398 544 2387 2386 529 520 2385 526 2379 2380 528 2384 523 519 518 527 2327 525 2381 2382 2377 2378 154 121 524 489 456 2383 522 521 2369 2355 2340 2326 2325 453 488 505 153 2364 
51 2
2414 563 562 2387 2400 2386 529 542 520 2385 526 2396 2397 2379 2380 528 2384 523 541 540 519 518 527 2327 525 2381 2382 2394 2395 155 122 2377 2378 154 121 524 489 456 2383 522 521 2369 2355 2340 2326 2325 453 488 505 153 2364 
73 2
2445 601 600 2387 597 562 529 2429 2415 2400 2386 2385 526 577 558 542 520 528 2384 523 2425 2426 2410 2411 2396 2397 2379 2380 527 2327 525 2381 2382 576 575 557 556 541 540 519 518 524 489 456 2383 522 521 2423 2424 157 124 2408 2409 156 123 2394 2395 155 122 2377 2378 154 121 2369 2355 2340 2326 2325 453 488 505 153 2364 
85 2
2506 678 677 2387 674 600 529 671 635 597 562 2385 526 2489 2475 2460 2446 2429 2415 2400 2386 528 2384 523 650 631 615 593 577 558 542 520 527 2327 525 2381 2382 2485 2486 2470 2471 2456 2457 2439 2440 2425 2426 2410 2411 2396 2397 2379 2380 524 489 456 2383 522 521 649 648 630 629 614 613 592 591 576 575 557 556 541 540 519 518 2369 2355 2340 2326 2325 453 488 505 153 2364 
23 2
3445 1854 3443 3444 1853 1852 3442 2268 391 212 1851 2267 2266 3440 3441 211 210 1850 1849 1848 3439 3438 1768 
56 3
395 2272 389 394 388 387 393 392 211 2266 386 275 2270 2271 2268 2269 210 2264 2265 2150 2151 230 391 390 385 381 274 273 2267 384 328 2262 322 2148 2149 146 113 383 353 327 300 380 2201 295 382 364 352 339 326 311 299 286 2261 321 2173 282 
61 3
411 410 2272 409 388 394 2287 386 211 2266 393 392 408 2264 2265 210 2270 2271 2268 2269 2285 2286 385 381 230 391 390 407 406 384 328 2262 322 2267 2284 403 405 2283 383 353 327 300 380 2201 295 2280 2281 2282 275 382 364 352 339 326 311 299 286 2261 321 2173 282 
61 3
427 426 2272 425 388 394 2301 386 211 2266 393 392 424 2264 2265 210 2270 2271 2268 2269 2299 2300 385 381 230 391 390 423 422 384 328 2262 322 2267 2298 418 421 2297 383 353 327 300 380 2201 295 2293 2294 2295 2296 382 364 352 339 326 311 299 286 2261 321 2173 282 
61 3
443 442 2272 441 388 394 2315 386 211 2266 393 392 440 2264 2265 210 2270 2271 2268 2269 2313 2314 385 381 230 391 390 439 438 384 328 2262 322 2267 2312 434 437 2311 383 353 327 300 380 2201 295 2307 2308 2309 2310 382 364 352 339 326 311 299 286 2261 321 2173 282 
61 3
462 461 2272 460 388 394 2330 386 211 2266 393 392 459 2264 2265 210 2270 2271 2268 2269 2328 2329 385 381 230 391 390 458 457 384 328 2262 322 2267 2327 450 456 2326 383 353 327 300 380 2201 295 2321 2322 2325 453 382 364 352 339 326 311 299 286 2261 321 2173 282 
61 3
478 477 2272 476 388 394 2344 386 211 2266 393 392 475 2264 2265 210 2270 2271 2268 2269 2342 2343 385 381 230 391 390 474 473 384 328 2262 322 2267 2341 469 472 2340 383 353 327 300 380 2201 295 2336 2337 2338 2339 382 364 352 339 326 311 299 286 2261 321 2173 282 
61 3
497 496 2272 495 388 394 2359 386 211 2266 393 392 494 2264 2265 210 2270 2271 2268 2269 2357 2358 385 381 230 391 390 493 492 384 328 2262 322 2267 2356 485 491 2355 383 353 327 300 380 2201 295 2350 2351 2354 488 382 364 352 339 326 311 299 286 2261 321 2173 282 
61 3
535 534 2272 533 388 394 2390 386 211 2266 393 392 532 2264 2265 210 2270 2271 2268 2269 2388 2389 385 381 230 391 390 531 530 384 328 2262 322 2267 2387 520 529 2386 383 353 327 300 380 2201 295 2379 2380 2385 526 382 364 352 339 326 311 299 286 2261 321 2173 282 
37 3
581 580 2429 2427 2428 577 579 578 2425 2426 2416 2415 156 2409 576 575 564 558 123 2423 2424 157 124 2414 561 2410 2411 563 2412 2413 557 556 562 2387 560 559 2408 
38 3
619 618 2460 2458 2459 615 617 616 2456 2457 2447 2446 158 2438 614 613 602 593 125 2454 2455 159 126 2445 599 2439 2440 601 2444 596 592 591 600 2387 598 2441 2442 2437 
51 3
638 637 2475 2474 634 631 636 2472 2473 2470 2471 635 2447 633 632 630 629 2460 2446 602 616 159 2455 2468 2469 160 127 615 593 2445 599 158 2438 126 2456 2457 2439 2440 601 2444 596 125 614 613 592 591 600 2387 598 2441 2442 
38 3
702 701 2529 2527 2528 698 700 699 2525 2526 2508 2507 162 2497 697 696 679 667 129 2245 2524 163 130 2506 676 2498 2499 678 2505 673 666 665 677 2387 675 2503 670 2249 
51 3
727 726 2550 2549 723 720 725 2547 2548 2545 2546 724 2508 722 721 719 718 2529 2507 679 699 163 2524 2240 2544 164 131 698 667 2506 676 162 2497 130 2525 2526 2498 2499 678 2505 673 129 697 696 666 665 677 2387 675 2503 670 
66 3
777 776 2593 2592 773 767 775 2591 770 2586 2587 774 2508 772 2588 2589 766 765 771 724 679 2590 769 768 2228 2585 166 133 2570 2550 2529 2507 2506 676 723 746 165 2565 745 720 698 667 678 2505 673 2547 2548 164 2544 132 2566 2567 2545 2546 2525 2526 2498 2499 677 2387 675 2503 670 722 721 131 
77 3
877 876 2679 2678 873 864 875 2677 870 2670 2671 874 2508 872 2675 867 863 862 871 774 679 2676 869 2672 2673 2202 2669 170 137 868 821 771 724 2506 676 773 2674 866 865 2654 2634 2613 2593 2570 2550 2529 2507 678 2505 673 2591 770 820 843 169 2649 842 817 795 767 745 720 698 667 677 2387 675 2503 670 772 2588 2589 2631 2632 168 2628 136 
36 3
1061 1060 388 2512 81 211 2266 386 210 2264 2265 385 381 384 328 2262 322 383 353 327 300 380 2201 295 382 364 352 339 326 311 299 286 2261 321 2173 282 
36 3
1079 1078 388 2512 82 211 2266 386 210 2264 2265 385 381 384 328 2262 322 383 353 327 300 380 2201 295 382 364 352 339 326 311 299 286 2261 321 2173 282 
36 3
1096 1095 388 2512 83 211 2266 386 210 2264 2265 385 381 384 328 2262 322 383 353 327 300 380 2201 295 382 364 352 339 326 311 299 286 2261 321 2173 282 
36 3
1114 1113 388 2512 84 211 2266 386 210 2264 2265 385 381 384 328 2262 322 383 353 327 300 380 2201 295 382 364 352 339 326 311 299 286 2261 321 2173 282 
36 3
1134 1133 388 2512 85 211 2266 386 210 2264 2265 385 381 384 328 2262 322 383 353 327 300 380 2201 295 382 364 352 339 326 311 299 286 2261 321 2173 282 
36 3
1152 1151 388 2512 86 211 2266 386 210 2264 2265 385 381 384 328 2262 322 383 353 327 300 380 2201 295 382 364 352 339 326 311 299 286 2261 321 2173 282 
36 3
1172 1171 388 2512 87 211 2266 386 210 2264 2265 385 381 384 328 2262 322 383 353 327 300 380 2201 295 382 364 352 339 326 311 299 286 2261 321 2173 282 
36 3
1190 1189 388 2512 88 211 2266 386 210 2264 2265 385 381 384 328 2262 322 383 353 327 300 380 2201 295 382 364 352 339 326 311 299 286 2261 321 2173 282 
36 3
1212 1211 388 2512 89 211 2266 386 210 2264 2265 385 381 384 328 2262 322 383 353 327 300 380 2201 295 382 364 352 339 326 311 299 286 2261 321 2173 282 
36 3
1230 1229 388 2512 90 211 2266 386 210 2264 2265 385 381 384 328 2262 322 383 353 327 300 380 2201 295 382 364 352 339 326 311 299 286 2261 321 2173 282 
36 3
1250 1249 388 2512 91 211 2266 386 210 2264 2265 385 381 384 328 2262 322 383 353 327 300 380 2201 295 382 364 352 339 326 311 299 286 2261 321 2173 282 
25 3
1266 3000 2839 1265 1058 2998 2999 2269 2271 1264 1263 390 230 2997 189 1262 2131 2267 210 211 2996 2132 1261 188 2983 
36 3
1268 1267 388 2512 92 211 2266 386 210 2264 2265 385 381 384 328 2262 322 383 353 327 300 380 2201 295 382 364 352 339 326 311 299 286 2261 321 2173 282 
36 3
1290 1289 388 2512 93 211 2266 386 210 2264 2265 385 381 384 328 2262 322 383 353 327 300 380 2201 295 382 364 352 339 326 311 299 286 2261 321 2173 282 
25 3
1306 3031 2839 1305 1058 3029 3030 2269 2271 1304 1303 390 230 3028 191 1302 2129 2267 210 211 3027 2130 1301 190 3014 
36 3
1308 1307 388 2512 94 211 2266 386 210 2264 2265 385 381 384 328 2262 322 383 353 327 300 380 2201 295 382 364 352 339 326 311 299 286 2261 321 2173 282 
29 3
1326 3046 2839 1325 1058 3044 3045 2269 2271 1324 1323 390 230 3043 192 1322 2128 2267 210 211 3042 1320 1321 3041 2129 3014 248 1319 191 
36 3
1328 1327 388 2512 95 211 2266 386 210 2264 2265 385 381 384 328 2262 322 383 353 327 300 380 2201 295 382 364 352 339 326 311 299 286 2261 321 2173 282 
15 3
1342 3057 193 1340 3056 2128 1339 192 3043 1322 3042 1320 1321 3041 2129 
36 3
1346 1345 388 2512 96 211 2266 386 210 2264 2265 385 381 384 328 2262 322 383 353 327 300 380 2201 295 382 364 352 339 326 311 299 286 2261 321 2173 282 
36 3
1370 1369 388 2512 97 211 2266 386 210 2264 2265 385 381 384 328 2262 322 383 353 327 300 380 2201 295 382 364 352 339 326 311 299 286 2261 321 2173 282 
25 3
1386 3093 2839 1385 1058 3091 3092 2269 2271 1384 1383 390 230 3090 195 1382 2125 2267 210 211 3089 2126 1381 194 3076 
36 3
1388 1387 388 2512 98 211 2266 386 210 2264 2265 385 381 384 328 2262 322 383 353 327 300 380 2201 295 382 364 352 339 326 311 299 286 2261 321 2173 282 
29 3
1406 3108 2839 1405 1058 3106 3107 2269 2271 1404 1403 390 230 3105 196 1402 2124 2267 210 211 3104 1400 1401 3103 2125 3076 243 1399 195 
36 3
1408 1407 388 2512 99 211 2266 386 210 2264 2265 385 381 384 328 2262 322 383 353 327 300 380 2201 295 382 364 352 339 326 311 299 286 2261 321 2173 282 
15 3
1422 3119 197 1420 3118 2124 1419 196 3105 1402 3104 1400 1401 3103 2125 
36 3
1426 1425 388 2512 100 211 2266 386 210 2264 2265 385 381 384 328 2262 322 383 353 327 300 380 2201 295 382 364 352 339 326 311 299 286 2261 321 2173 282 
30 3
1446 3139 2839 1445 1058 3137 3138 2269 2271 1444 1443 390 230 3136 198 1442 2122 2267 210 211 3135 1440 1441 3134 1438 3076 244 1439 3132 2123 
36 3
1448 1447 388 2512 101 211 2266 386 210 2264 2265 385 381 384 328 2262 322 383 353 327 300 380 2201 295 382 364 352 339 326 311 299 286 2261 321 2173 282 
15 3
1462 3150 199 1460 3149 2122 1459 198 3136 1442 3135 1440 1441 3134 1438 
36 3
1466 1465 388 2512 102 211 2266 386 210 2264 2265 385 381 384 328 2262 322 383 353 327 300 380 2201 295 382 364 352 339 326 311 299 286 2261 321 2173 282 
21 3
1482 3165 200 1480 3164 1478 1479 3163 2121 3136 240 1477 199 1442 2122 198 3135 1440 1441 3134 1438 
36 3
1486 1485 388 2512 103 211 2266 386 210 2264 2265 385 381 384 328 2262 322 383 353 327 300 380 2201 295 382 364 352 339 326 311 299 286 2261 321 2173 282 
22 3
1497 3165 2120 1480 200 3164 1478 1479 3163 2121 3136 240 1477 199 1442 2122 198 3135 1440 1441 3134 1438 
36 3
1504 1503 388 2512 104 211 2266 386 210 2264 2265 385 381 384 328 2262 322 383 353 327 300 380 2201 295 382 364 352 339 326 311 299 286 2261 321 2173 282 
30 3
1526 3201 2839 1525 1058 3199 3200 2269 2271 1524 1523 390 230 3198 202 1522 2118 2267 210 211 3197 1520 1521 3196 1518 3076 245 1519 3194 1516 
36 3
1528 1527 388 2512 105 211 2266 386 210 2264 2265 385 381 384 328 2262 322 383 353 327 300 380 2201 295 382 364 352 339 326 311 299 286 2261 321 2173 282 
15 3
1542 3212 203 1540 3211 2118 1539 202 3198 1522 3197 1520 1521 3196 1518 
36 3
1546 1545 388 2512 106 211 2266 386 210 2264 2265 385 381 384 328 2262 322 383 353 327 300 380 2201 295 382 364 352 339 326 311 299 286 2261 321 2173 282 
21 3
1562 3227 204 1560 3226 1558 1559 3225 2117 3198 236 1557 203 1522 2118 202 3197 1520 1521 3196 1518 
36 3
1566 1565 388 2512 107 211 2266 386 210 2264 2265 385 381 384 328 2262 322 383 353 327 300 380 2201 295 382 364 352 339 326 311 299 286 2261 321 2173 282 
22 3
1577 3227 2116 1560 204 3226 1558 1559 3225 2117 3198 236 1557 203 1522 2118 202 3197 1520 1521 3196 1518 
36 3
1584 1583 388 2512 108 211 2266 386 210 2264 2265 385 381 384 328 2262 322 383 353 327 300 380 2201 295 382 364 352 339 326 311 299 286 2261 321 2173 282 
33 3
1602 3258 206 1600 3257 1598 1599 3256 1596 3198 237 1597 3254 2115 1522 236 235 3255 1595 205 3197 1520 2117 2118 2116 1558 204 1521 3196 1518 203 202 3225 
36 3
1606 1605 388 2512 109 211 2266 386 210 2264 2265 385 381 384 328 2262 322 383 353 327 300 380 2201 295 382 364 352 339 326 311 299 286 2261 321 2173 282 
34 3
1617 3258 2114 1600 206 3257 1598 1599 3256 1596 3198 237 1597 3254 2115 1522 236 235 3255 1595 205 3197 1520 2117 2118 2116 1558 204 1521 3196 1518 203 202 3225 
36 3
1624 1623 388 2512 110 211 2266 386 210 2264 2265 385 381 384 328 2262 322 383 353 327 300 380 2201 295 382 364 352 339 326 311 299 286 2261 321 2173 282 
37 3
1637 3258 233 1600 2113 2114 3257 1598 207 206 1599 3256 1596 3198 237 1597 3254 2115 1522 236 235 3255 1595 205 3197 1520 2117 2118 2116 1558 204 1521 3196 1518 203 202 3225 
36 3
1644 1643 388 2512 111 211 2266 386 210 2264 2265 385 381 384 328 2262 322 383 353 327 300 380 2201 295 382 364 352 339 326 311 299 286 2261 321 2173 282 
36 3
1662 1661 388 2512 112 211 2266 386 210 2264 2265 385 381 384 328 2262 322 383 353 327 300 380 2201 295 382 364 352 339 326 311 299 286 2261 321 2173 282 
75 3
1676 3314 386 1675 2264 2265 210 385 381 384 328 2262 322 383 353 327 300 380 2201 295 382 364 352 339 326 311 299 286 2261 321 2173 282 2263 2254 2243 2237 2231 2223 2217 2211 2205 2195 2189 2183 2177 2169 2163 2157 379 2200 294 2158 2159 372 368 363 357 351 343 338 332 325 315 310 304 298 290 285 279 2260 348 320 2172 281 276 
75 3
1692 3326 386 1691 2264 2265 211 385 381 384 328 2262 322 383 353 327 300 380 2201 295 382 364 352 339 326 311 299 286 2261 321 2173 282 2263 2254 2243 2237 2231 2223 2217 2211 2205 2195 2189 2183 2177 2169 2163 2157 379 2200 294 2158 2159 372 368 363 357 351 343 338 332 325 315 310 304 298 290 285 279 2260 348 320 2172 281 276 
36 3
1968 3540 0 1967 3538 3539 1966 1965 3537 1848 3536 3438 1964 1847 1840 1959 3534 3535 1846 1843 1839 1836 3530 3531 1963 1962 1845 1844 1842 1841 1838 1837 1835 1834 1958 1957 
36 3
2006 3572 0 2005 3570 3571 2004 2003 3569 1848 3568 3438 2002 1847 1840 1997 3566 3567 1846 1843 1839 1836 3562 3563 2001 2000 1845 1844 1842 1841 1838 1837 1835 1834 1996 1995 
36 3
2025 3587 0 2024 3585 3586 2023 2022 3584 1848 3583 3438 2021 1847 1840 2013 3581 3582 1846 1843 1839 1836 3576 3577 2020 2019 1845 1844 1842 1841 1838 1837 1835 1834 2012 2011 
60 3
2036 3596 3438 2030 1848 3590 3591 1847 1840 2029 2028 1846 1843 1839 1836 3589 225 2027 3373 1845 1844 1842 1841 1838 1837 1835 1834 3588 3370 3385 3382 3379 3376 3367 3364 3361 3358 3355 3352 3349 3346 3343 3340 2026 224 229 228 227 226 223 222 221 220 219 218 217 216 215 214 3575 
63 3
2037 3597 1848 2035 1847 1840 3594 3595 1846 1843 1839 1836 2034 2033 1845 1844 1842 1841 1838 1837 1835 1834 3593 12 2032 3422 3385 3382 3379 3376 3373 3370 3367 3364 3361 3358 3355 3352 3349 3346 3343 3340 3592 3419 229 228 227 226 225 224 223 222 221 220 219 218 217 216 215 214 2031 11 3580 
3 3
2063 3619 0 
50 3
2074 3628 3438 1848 1847 1840 1846 1843 1839 1836 1845 1844 1842 1841 1838 1837 1835 1834 3385 3382 3379 3376 3373 3370 3367 3364 3361 3358 3355 3352 3349 3346 3343 3340 229 228 227 226 225 224 223 222 221 220 219 218 217 216 215 214 
49 3
2075 3629 1848 1847 1840 1846 1843 1839 1836 1845 1844 1842 1841 1838 1837 1835 1834 3385 3382 3379 3376 3373 3370 3367 3364 3361 3358 3355 3352 3349 3346 3343 3340 229 228 227 226 225 224 223 222 221 220 219 218 217 216 215 214 
50 3
2093 3643 3438 1848 1847 1840 1846 1843 1839 1836 1845 1844 1842 1841 1838 1837 1835 1834 3385 3382 3379 3376 3373 3370 3367 3364 3361 3358 3355 3352 3349 3346 3343 3340 229 228 227 226 225 224 223 222 221 220 219 218 217 216 215 214 
49 3
2094 3644 1848 1847 1840 1846 1843 1839 1836 1845 1844 1842 1841 1838 1837 1835 1834 3385 3382 3379 3376 3373 3370 3367 3364 3361 3358 3355 3352 3349 3346 3343 3340 229 228 227 226 225 224 223 222 221 220 219 218 217 216 215 214 
3 3
2100 3649 229 
3 3
2105 3653 16 
29 3
2373 510 2371 2372 509 508 2370 504 507 2369 2365 2366 2367 2368 503 502 506 505 2363 2364 153 120 2356 2355 152 2349 491 485 119 
29 3
2404 548 2402 2403 547 546 2401 542 545 2400 2396 2397 2398 2399 541 540 544 543 2394 2395 155 122 2387 2386 154 2378 529 520 121 
33 3
2419 567 2417 2418 566 565 2416 558 564 2415 2410 2411 2414 561 557 556 563 2412 2413 2408 2409 156 123 562 2387 560 559 2400 2386 529 543 155 2395 
27 3
2430 580 2427 2428 579 578 2416 2415 156 2409 564 558 123 2414 561 2410 2411 563 2412 2413 557 556 562 2387 560 559 2408 
34 3
2450 605 2448 2449 604 603 2447 593 602 2446 2439 2440 2445 599 592 591 601 2444 596 2437 2438 158 125 600 2387 598 2441 2442 597 562 529 2443 595 594 
28 3
2461 618 2458 2459 617 616 2447 2446 158 2438 602 593 125 2445 599 2439 2440 601 2444 596 592 591 600 2387 598 2441 2442 2437 
41 3
2476 637 2474 634 636 2472 2473 635 2447 633 632 2460 2446 602 616 159 2455 615 593 2445 599 158 2438 126 2456 2457 2439 2440 601 2444 596 125 614 613 592 591 600 2387 598 2441 2442 
35 3
2511 682 2509 2510 681 680 2508 667 679 2507 2498 2499 2506 676 666 665 678 2505 673 2249 2497 162 129 677 2387 675 2503 670 674 600 529 2504 672 2500 2501 
32 3
2513 684 2512 33 386 2264 2265 385 381 384 328 2262 322 383 353 327 300 380 2201 295 382 364 352 339 326 311 299 286 2261 321 2173 282 
28 3
2530 701 2527 2528 700 699 2508 2507 162 2497 679 667 129 2506 676 2498 2499 678 2505 673 666 665 677 2387 675 2503 670 2249 
32 3
2534 706 2512 34 386 2264 2265 385 381 384 328 2262 322 383 353 327 300 380 2201 295 382 364 352 339 326 311 299 286 2261 321 2173 282 
41 3
2551 726 2549 723 725 2547 2548 724 2508 722 721 2529 2507 679 699 163 2524 698 667 2506 676 162 2497 130 2525 2526 2498 2499 678 2505 673 129 697 696 666 665 677 2387 675 2503 670 
32 3
2555 731 2512 35 386 2264 2265 385 381 384 328 2262 322 383 353 327 300 380 2201 295 382 364 352 339 326 311 299 286 2261 321 2173 282 
32 3
2575 753 2512 36 386 2264 2265 385 381 384 328 2262 322 383 353 327 300 380 2201 295 382 364 352 339 326 311 299 286 2261 321 2173 282 
56 3
2594 776 2592 773 775 2591 770 774 2508 772 2588 2589 771 724 679 2590 769 768 2570 2550 2529 2507 2506 676 723 746 165 2565 745 720 698 667 678 2505 673 2547 2548 164 2544 132 2566 2567 2545 2546 2525 2526 2498 2499 677 2387 675 2503 670 722 721 131 
32 3
2598 781 2512 37 386 2264 2265 385 381 384 328 2262 322 383 353 327 300 380 2201 295 382 364 352 339 326 311 299 286 2261 321 2173 282 
32 3
2618 803 2512 38 386 2264 2265 385 381 384 328 2262 322 383 353 327 300 380 2201 295 382 364 352 339 326 311 299 286 2261 321 2173 282 
32 3
2639 828 2512 39 386 2264 2265 385 381 384 328 2262 322 383 353 327 300 380 2201 295 382 364 352 339 326 311 299 286 2261 321 2173 282 
32 3
2659 850 2512 40 386 2264 2265 385 381 384 328 2262 322 383 353 327 300 380 2201 295 382 364 352 339 326 311 299 286 2261 321 2173 282 
67 3
2680 876 2678 873 875 2677 870 874 2508 872 2675 867 871 774 679 2676 869 2672 2673 868 821 771 724 2506 676 773 2674 866 865 2654 2634 2613 2593 2570 2550 2529 2507 678 2505 673 2591 770 820 843 169 2649 842 817 795 767 745 720 698 667 677 2387 675 2503 670 772 2588 2589 2631 2632 168 2628 136 
32 3
2684 881 2512 41 386 2264 2265 385 381 384 328 2262 322 383 353 327 300 380 2201 295 382 364 352 339 326 311 299 286 2261 321 2173 282 
32 3
2704 903 2512 42 386 2264 2265 385 381 384 328 2262 322 383 353 327 300 380 2201 295 382 364 352 339 326 311 299 286 2261 321 2173 282 
32 3
2725 928 2512 43 386 2264 2265 385 381 384 328 2262 322 383 353 327 300 380 2201 295 382 364 352 339 326 311 299 286 2261 321 2173 282 
32 3
2745 950 2512 44 386 2264 2265 385 381 384 328 2262 322 383 353 327 300 380 2201 295 382 364 352 339 326 311 299 286 2261 321 2173 282 
32 3
2768 978 2512 45 386 2264 2265 385 381 384 328 2262 322 383 353 327 300 380 2201 295 382 364 352 339 326 311 299 286 2261 321 2173 282 
32 3
2788 1000 2512 46 386 2264 2265 385 381 384 328 2262 322 383 353 327 300 380 2201 295 382 364 352 339 326 311 299 286 2261 321 2173 282 
32 3
2809 1025 2512 47 386 2264 2265 385 381 384 328 2262 322 383 353 327 300 380 2201 295 382 364 352 339 326 311 299 286 2261 321 2173 282 
32 3
2829 1047 2512 48 386 2264 2265 385 381 384 328 2262 322 383 353 327 300 380 2201 295 382 364 352 339 326 311 299 286 2261 321 2173 282 
16 3
3059 1341 1340 2127 3056 2128 193 1339 192 3043 1322 3042 1320 1321 3041 2129 
16 3
3121 1421 1420 2123 3118 2124 197 1419 196 3105 1402 3104 1400 1401 3103 2125 
16 3
3152 1461 1460 2121 3149 2122 199 1459 198 3136 1442 3135 1440 1441 3134 1438 
22 3
3167 1481 1480 2120 3164 1478 200 1479 3163 2121 3136 240 1477 199 1442 2122 198 3135 1440 1441 3134 1438 
16 3
3214 1541 1540 2117 3211 2118 203 1539 202 3198 1522 3197 1520 1521 3196 1518 
22 3
3229 1561 1560 2116 3226 1558 204 1559 3225 2117 3198 236 1557 203 1522 2118 202 3197 1520 1521 3196 1518 
34 3
3260 1601 1600 2114 3257 1598 206 1599 3256 1596 3198 237 1597 3254 2115 1522 236 235 3255 1595 205 3197 1520 2117 2118 2116 1558 204 1521 3196 1518 203 202 3225 
1 3
3651 
1 3
3655 
38 4
516 2374 2375 515 514 513 396 2274 153 512 2272 213 2273 511 388 394 145 2373 386 211 2266 393 392 510 2264 2265 210 2270 2271 2268 2269 2371 2372 385 381 230 391 390 
38 4
554 2405 2406 553 552 551 396 2274 155 550 2272 213 2273 549 388 394 145 2404 386 211 2266 393 392 548 2264 2265 210 2270 2271 2268 2269 2402 2403 385 381 230 391 390 
38 4
573 2420 2421 572 571 570 396 2274 156 569 2272 213 2273 568 388 394 145 2419 386 211 2266 393 392 567 2264 2265 210 2270 2271 2268 2269 2417 2418 385 381 230 391 390 
73 4
585 584 388 2433 386 211 2266 583 2264 2265 210 2431 2432 385 381 582 581 384 328 2262 322 2430 577 580 2429 383 353 327 300 380 2201 295 2425 2426 2427 2428 382 364 352 339 326 311 299 286 2261 321 2173 282 576 575 579 578 2263 2254 2243 2237 2231 2223 2217 2211 2205 2195 2189 2183 2177 2169 2163 2157 379 2200 294 2158 2159 
38 4
611 2451 2452 610 609 608 396 2274 158 607 2272 213 2273 606 388 394 145 2450 386 211 2266 393 392 605 2264 2265 210 2270 2271 2268 2269 2448 2449 385 381 230 391 390 
73 4
623 622 388 2464 386 211 2266 621 2264 2265 210 2462 2463 385 381 620 619 384 328 2262 322 2461 615 618 2460 383 353 327 300 380 2201 295 2456 2457 2458 2459 382 364 352 339 326 311 299 286 2261 321 2173 282 614 613 617 616 2263 2254 2243 2237 2231 2223 2217 2211 2205 2195 2189 2183 2177 2169 2163 2157 379 2200 294 2158 2159 
74 4
642 641 388 2479 386 211 2266 640 2264 2265 210 2477 2478 385 381 639 638 384 328 2262 322 2476 631 637 2475 383 353 327 300 380 2201 295 2470 2471 2474 634 382 364 352 339 326 311 299 286 2261 321 2173 282 630 629 636 2472 2473 2263 2254 2243 2237 2231 2223 2217 2211 2205 2195 2189 2183 2177 2169 2163 2157 379 2200 294 2158 2159 
38 4
1069 1067 396 2844 2845 213 2273 1066 1064 145 1065 2268 2843 1062 1058 2270 391 1063 2841 2842 2269 2271 388 2267 2266 49 1061 1059 390 230 211 210 1060 2839 2840 2512 81 178 
38 4
1085 1083 396 2858 2844 213 2273 1082 1066 145 2857 1080 1065 2268 1081 2855 2856 1058 2270 391 50 1079 1077 2269 2271 388 2267 2266 1078 2854 2839 390 230 211 210 2512 82 1076 
38 4
1102 1100 396 2872 2844 213 2273 1099 1066 145 2871 1097 1065 2268 1098 2869 2870 1058 2270 391 51 1096 1094 2269 2271 388 2267 2266 1095 2868 2839 390 230 211 210 2512 83 1093 
38 4
1120 1118 396 2886 2844 213 2273 1117 1066 145 2885 1115 1065 2268 1116 2883 2884 1058 2270 391 52 1114 1112 2269 2271 388 2267 2266 1113 2882 2839 390 230 211 210 2512 84 1111 
38 4
1140 1138 396 2901 2844 213 2273 1137 1066 145 2900 1135 1065 2268 1136 2898 2899 1058 2270 391 53 1134 1132 2269 2271 388 2267 2266 1133 2897 2839 390 230 211 210 2512 85 1131 
38 4
1158 1156 396 2915 2844 213 2273 1155 1066 145 2914 1153 1065 2268 1154 2912 2913 1058 2270 391 54 1152 1150 2269 2271 388 2267 2266 1151 2911 2839 390 230 211 210 2512 86 1149 
38 4
1178 1176 396 2930 2844 213 2273 1175 1066 145 2929 1173 1065 2268 1174 2927 2928 1058 2270 391 55 1172 1170 2269 2271 388 2267 2266 1171 2926 2839 390 230 211 210 2512 87 1169 
38 4
1196 1194 396 2944 2844 213 2273 1193 1066 145 2943 1191 1065 2268 1192 2941 2942 1058 2270 391 56 1190 1188 2269 2271 388 2267 2266 1189 2940 2839 390 230 211 210 2512 88 1187 
38 4
1218 1216 396 2961 2844 213 2273 1215 1066 145 2960 1213 1065 2268 1214 2958 2959 1058 2270 391 57 1212 1210 2269 2271 388 2267 2266 1211 2957 2839 390 230 211 210 2512 89 1209 
38 4
1236 1234 396 2975 2844 213 2273 1233 1066 145 2974 1231 1065 2268 1232 2972 2973 1058 2270 391 58 1230 1228 2269 2271 388 2267 2266 1229 2971 2839 390 230 211 210 2512 90 1227 
38 4
1256 1254 396 2990 2844 213 2273 1253 1066 145 2989 1251 1065 2268 1252 2987 2988 1058 2270 391 59 1250 1248 2269 2271 388 2267 2266 1249 2986 2839 390 230 211 210 2512 91 1247 
38 4
1274 1272 396 3004 2844 213 2273 1271 1066 145 3003 1269 1065 2268 1270 3001 3002 1058 2270 391 60 1268 1266 2269 2271 388 2267 2266 1267 3000 2839 390 230 211 210 2512 92 1265 
38 4
1296 1294 396 3021 2844 213 2273 1293 1066 145 3020 1291 1065 2268 1292 3018 3019 1058 2270 391 61 1290 1288 2269 2271 388 2267 2266 1289 3017 2839 390 230 211 210 2512 93 1287 
38 4
1314 1312 396 3035 2844 213 2273 1311 1066 145 3034 1309 1065 2268 1310 3032 3033 1058 2270 391 62 1308 1306 2269 2271 388 2267 2266 1307 3031 2839 390 230 211 210 2512 94 1305 
38 4
1334 1332 396 3050 2844 213 2273 1331 1066 145 3049 1329 1065 2268 1330 3047 3048 1058 2270 391 63 1328 1326 2269 2271 388 2267 2266 1327 3046 2839 390 230 211 210 2512 95 1325 
40 4
1347 3061 3062 1346 1344 1345 388 3060 2839 2512 96 211 2266 1343 1058 386 210 3058 3059 2269 2271 2264 2265 1342 1341 390 230 385 381 3057 193 1340 2127 2267 384 328 2262 322 3056 2128 
38 4
1376 1374 396 3083 2844 213 2273 1373 1066 145 3082 1371 1065 2268 1372 3080 3081 1058 2270 391 65 1370 1368 2269 2271 388 2267 2266 1369 3079 2839 390 230 211 210 2512 97 1367 
38 4
1394 1392 396 3097 2844 213 2273 1391 1066 145 3096 1389 1065 2268 1390 3094 3095 1058 2270 391 66 1388 1386 2269 2271 388 2267 2266 1387 3093 2839 390 230 211 210 2512 98 1385 
38 4
1414 1412 396 3112 2844 213 2273 1411 1066 145 3111 1409 1065 2268 1410 3109 3110 1058 2270 391 67 1408 1406 2269 2271 388 2267 2266 1407 3108 2839 390 230 211 210 2512 99 1405 
40 4
1427 3123 3124 1426 1424 1425 388 3122 2839 2512 100 211 2266 1423 1058 386 210 3120 3121 2269 2271 2264 2265 1422 1421 390 230 385 381 3119 197 1420 2123 2267 384 328 2262 322 3118 2124 
38 4
1454 1452 396 3143 2844 213 2273 1451 1066 145 3142 1449 1065 2268 1450 3140 3141 1058 2270 391 69 1448 1446 2269 2271 388 2267 2266 1447 3139 2839 390 230 211 210 2512 101 1445 
40 4
1467 3154 3155 1466 1464 1465 388 3153 2839 2512 102 211 2266 1463 1058 386 210 3151 3152 2269 2271 2264 2265 1462 1461 390 230 385 381 3150 199 1460 2121 2267 384 328 2262 322 3149 2122 
40 4
1487 3169 3170 1486 1484 1485 388 3168 2839 2512 103 211 2266 1483 1058 386 210 3166 3167 2269 2271 2264 2265 1482 1481 390 230 385 381 3165 200 1480 2120 2267 384 328 2262 322 3164 1478 
17 4
1501 3180 3181 1500 1499 3179 201 1498 2119 3178 2120 1497 200 3165 1480 3164 1478 
38 4
1534 1532 396 3205 2844 213 2273 1531 1066 145 3204 1529 1065 2268 1530 3202 3203 1058 2270 391 73 1528 1526 2269 2271 388 2267 2266 1527 3201 2839 390 230 211 210 2512 105 1525 
40 4
1547 3216 3217 1546 1544 1545 388 3215 2839 2512 106 211 2266 1543 1058 386 210 3213 3214 2269 2271 2264 2265 1542 1541 390 230 385 381 3212 203 1540 2117 2267 384 328 2262 322 3211 2118 
40 4
1567 3231 3232 1566 1564 1565 388 3230 2839 2512 107 211 2266 1563 1058 386 210 3228 3229 2269 2271 2264 2265 1562 1561 390 230 385 381 3227 204 1560 2116 2267 384 328 2262 322 3226 1558 
17 4
1581 3242 3243 1580 1579 3241 205 1578 2115 3240 2116 1577 204 3227 1560 3226 1558 
40 4
1607 3262 3263 1606 1604 1605 388 3261 2839 2512 109 211 2266 1603 1058 386 210 3259 3260 2269 2271 2264 2265 1602 1601 390 230 385 381 3258 206 1600 2114 2267 384 328 2262 322 3257 1598 
17 4
1621 3273 3274 1620 1619 3272 207 1618 2113 3271 2114 1617 206 3258 1600 3257 1598 
23 4
1641 3288 3289 1640 1639 3287 208 1638 2112 3286 1636 1637 3285 2113 3258 233 1635 207 1600 2114 206 3257 1598 
19 4
1656 3300 2112 1655 208 3287 1638 3286 1636 1637 3285 2113 3258 233 1635 207 1600 2114 206 
3 4
2109 3658 3659 
28 4
2491 655 2490 650 653 2485 2486 2487 2488 649 648 652 651 2483 2484 161 128 2476 2475 160 2469 637 631 127 2474 634 2470 2471 
23 4
2516 686 2515 388 685 211 2266 2513 2514 210 684 683 2512 33 2511 386 682 2264 2265 2509 2510 385 381 
69 4
2535 705 2533 386 704 2264 2265 2531 2532 385 381 703 702 384 328 2262 322 2530 698 701 2529 383 353 327 300 380 2201 295 2525 2526 2527 2528 382 364 352 339 326 311 299 286 2261 321 2173 282 697 696 700 699 2263 2254 2243 2237 2231 2223 2217 2211 2205 2195 2189 2183 2177 2169 2163 2157 379 2200 294 2158 2159 
70 4
2556 730 2554 386 729 2264 2265 2552 2553 385 381 728 727 384 328 2262 322 2551 720 726 2550 383 353 327 300 380 2201 295 2545 2546 2549 723 382 364 352 339 326 311 299 286 2261 321 2173 282 719 718 725 2547 2548 2263 2254 2243 2237 2231 2223 2217 2211 2205 2195 2189 2183 2177 2169 2163 2157 379 2200 294 2158 2159 
28 4
2572 750 2571 745 748 2566 2567 2568 2569 744 743 747 746 2233 2565 165 132 2551 2550 164 2544 726 720 131 2549 723 2545 2546 
70 4
2599 780 2597 386 779 2264 2265 2595 2596 385 381 778 777 384 328 2262 322 2594 767 776 2593 383 353 327 300 380 2201 295 2586 2587 2592 773 382 364 352 339 326 311 299 286 2261 321 2173 282 766 765 775 2591 770 2263 2254 2243 2237 2231 2223 2217 2211 2205 2195 2189 2183 2177 2169 2163 2157 379 2200 294 2158 2159 
28 4
2615 800 2614 795 798 2609 2610 2611 2612 794 793 797 796 2219 2608 167 134 2594 2593 166 2585 776 767 133 2592 773 2586 2587 
35 4
2636 825 2635 817 823 2629 2630 2633 820 816 815 822 2631 2632 2214 2628 168 135 821 2594 819 818 2613 2593 776 796 167 2608 795 767 2592 773 166 2585 134 
36 4
2652 844 2635 2634 823 817 2633 820 2629 2630 822 2631 2632 816 815 821 2594 819 818 2214 2628 168 135 2613 2593 776 796 167 2608 795 767 2592 773 166 2585 134 
70 4
2685 880 2683 386 879 2264 2265 2681 2682 385 381 878 877 384 328 2262 322 2680 864 876 2679 383 353 327 300 380 2201 295 2670 2671 2678 873 382 364 352 339 326 311 299 286 2261 321 2173 282 863 862 875 2677 870 2263 2254 2243 2237 2231 2223 2217 2211 2205 2195 2189 2183 2177 2169 2163 2157 379 2200 294 2158 2159 
28 4
2701 900 2700 895 898 2695 2696 2697 2698 894 893 897 896 2191 2694 171 138 2680 2679 170 2669 876 864 137 2678 873 2670 2671 
35 4
2722 925 2721 917 923 2715 2716 2719 920 916 915 922 2717 2718 2186 2714 172 139 921 2680 919 918 2699 2679 876 896 171 2694 895 864 2678 873 170 2669 138 
36 4
2738 944 2721 2720 923 917 2719 920 2715 2716 922 2717 2718 916 915 921 2680 919 918 2186 2714 172 139 2699 2679 876 896 171 2694 895 864 2678 873 170 2669 138 
39 4
2765 975 2764 964 973 2756 2757 2762 970 963 962 972 2761 967 2174 2755 174 141 971 2680 969 2758 2759 968 921 876 2760 966 965 2740 2720 2699 2679 2678 873 920 943 173 2735 
40 4
2781 994 2764 2763 973 964 2762 970 2756 2757 972 2761 967 963 962 971 2680 969 2758 2759 2174 2755 174 141 968 921 876 2760 966 965 2740 2720 2699 2679 2678 873 920 943 173 2735 
51 4
2803 1019 1018 2764 2783 2763 973 992 964 2762 970 2779 2780 2756 2757 972 2761 967 991 990 963 962 971 2680 969 2758 2759 2165 2778 175 142 2174 2755 174 141 968 921 876 2760 966 965 2740 2720 2699 2679 2678 873 920 943 173 2735 
32 4
3319 1681 1680 1678 3318 2268 3316 3317 1679 391 1677 1674 1673 390 2267 2266 3315 388 230 268 210 211 1676 2143 2142 3314 386 267 266 1675 2264 2265 
32 4
3333 1697 3332 1694 1696 3328 3329 3331 390 1693 1690 1695 2267 210 3327 388 1689 230 3330 268 211 1692 2266 2143 2142 3326 386 267 266 1691 2264 2265 
26 5
590 2436 0 589 2434 2435 588 587 586 396 2274 157 585 2272 213 2273 584 388 394 145 2433 386 211 2266 393 392 
26 5
628 2467 0 627 2465 2466 626 625 624 396 2274 159 623 2272 213 2273 622 388 394 145 2464 386 211 2266 393 392 
26 5
647 2482 0 646 2480 2481 645 644 643 396 2274 160 642 2272 213 2273 641 388 394 145 2479 386 211 2266 393 392 
50 5
661 659 396 658 2272 213 2273 657 388 394 145 2493 386 211 2266 393 392 656 2264 2265 210 2270 2271 2268 2269 2491 2492 385 381 230 391 390 655 654 384 328 2262 322 2267 2490 650 653 2489 383 353 327 300 380 2201 295 
31 5
711 2539 709 710 2537 2538 2518 18 708 695 392 2536 388 230 34 2268 2269 707 211 2266 210 391 390 2534 2535 2267 706 705 2512 2533 386 
31 5
736 2560 734 735 2558 2559 2518 19 733 717 392 2557 388 230 35 2268 2269 732 211 2266 210 391 390 2555 2556 2267 731 730 2512 2554 386 
31 5
786 2603 784 785 2601 2602 2518 21 783 764 392 2600 388 230 37 2268 2269 782 211 2266 210 391 390 2598 2599 2267 781 780 2512 2597 386 
31 5
886 2689 884 885 2687 2688 2518 25 883 861 392 2686 388 230 41 2268 2269 882 211 2266 210 391 390 2684 2685 2267 881 880 2512 2683 386 
37 5
1043 1042 2824 2822 2823 1039 1041 1040 2820 2821 2805 2804 176 2798 1038 1037 1020 1014 143 2153 2819 177 144 2803 1017 2799 2800 1019 2801 2802 1013 1012 1018 2764 1016 1015 2160 
21 5
1073 2850 2851 1072 1071 2849 0 178 2848 1070 2846 2847 1069 1068 1067 396 2274 2844 2845 213 2273 
21 5
1089 2862 2863 1088 1087 2861 0 179 2848 1086 2859 2860 1085 1084 1083 396 2274 2858 2844 213 2273 
21 5
1106 2876 2877 1105 1104 2875 0 180 2848 1103 2873 2874 1102 1101 1100 396 2274 2872 2844 213 2273 
21 5
1124 2890 2891 1123 1122 2889 0 181 2848 1121 2887 2888 1120 1119 1118 396 2274 2886 2844 213 2273 
21 5
1144 2905 2906 1143 1142 2904 0 182 2848 1141 2902 2903 1140 1139 1138 396 2274 2901 2844 213 2273 
21 5
1162 2919 2920 1161 1160 2918 0 183 2848 1159 2916 2917 1158 1157 1156 396 2274 2915 2844 213 2273 
21 5
1182 2934 2935 1181 1180 2933 0 184 2848 1179 2931 2932 1178 1177 1176 396 2274 2930 2844 213 2273 
21 5
1200 2948 2949 1199 1198 2947 0 185 2848 1197 2945 2946 1196 1195 1194 396 2274 2944 2844 213 2273 
21 5
1222 2965 2966 1221 1220 2964 0 186 2848 1219 2962 2963 1218 1217 1216 396 2274 2961 2844 213 2273 
21 5
1240 2979 2980 1239 1238 2978 0 187 2848 1237 2976 2977 1236 1235 1234 396 2274 2975 2844 213 2273 
21 5
1260 2994 2995 1259 1258 2993 0 188 2848 1257 2991 2992 1256 1255 1254 396 2274 2990 2844 213 2273 
21 5
1278 3008 3009 1277 1276 3007 0 189 2848 1275 3005 3006 1274 1273 1272 396 2274 3004 2844 213 2273 
21 5
1300 3025 3026 1299 1298 3024 0 190 2848 1297 3022 3023 1296 1295 1294 396 2274 3021 2844 213 2273 
21 5
1318 3039 3040 1317 1316 3038 0 191 2848 1315 3036 3037 1314 1313 1312 396 2274 3035 2844 213 2273 
21 5
1338 3054 3055 1337 1336 3053 0 192 2848 1335 3051 3052 1334 1333 1332 396 2274 3050 2844 213 2273 
34 5
1353 3065 3066 1352 1351 1350 396 2274 193 3064 2844 213 2273 1349 1066 145 3063 1347 1065 2268 1348 3061 3062 1058 2270 391 64 1346 1344 2269 2271 388 2267 2266 
21 5
1380 3087 3088 1379 1378 3086 0 194 2848 1377 3084 3085 1376 1375 1374 396 2274 3083 2844 213 2273 
21 5
1398 3101 3102 1397 1396 3100 0 195 2848 1395 3098 3099 1394 1393 1392 396 2274 3097 2844 213 2273 
21 5
1418 3116 3117 1417 1416 3115 0 196 2848 1415 3113 3114 1414 1413 1412 396 2274 3112 2844 213 2273 
34 5
1433 3127 3128 1432 1431 1430 396 2274 197 3126 2844 213 2273 1429 1066 145 3125 1427 1065 2268 1428 3123 3124 1058 2270 391 68 1426 1424 2269 2271 388 2267 2266 
21 5
1458 3147 3148 1457 1456 3146 0 198 2848 1455 3144 3145 1454 1453 1452 396 2274 3143 2844 213 2273 
34 5
1473 3158 3159 1472 1471 1470 396 2274 199 3157 2844 213 2273 1469 1066 145 3156 1467 1065 2268 1468 3154 3155 1058 2270 391 70 1466 1464 2269 2271 388 2267 2266 
34 5
1493 3173 3174 1492 1491 1490 396 2274 200 3172 2844 213 2273 1489 1066 145 3171 1487 1065 2268 1488 3169 3170 1058 2270 391 71 1486 1484 2269 2271 388 2267 2266 
21 5
1538 3209 3210 1537 1536 3208 0 202 2848 1535 3206 3207 1534 1533 1532 396 2274 3205 2844 213 2273 
34 5
1553 3220 3221 1552 1551 1550 396 2274 203 3219 2844 213 2273 1549 1066 145 3218 1547 1065 2268 1548 3216 3217 1058 2270 391 74 1546 1544 2269 2271 388 2267 2266 
34 5
1573 3235 3236 1572 1571 1570 396 2274 204 3234 2844 213 2273 1569 1066 145 3233 1567 1065 2268 1568 3231 3232 1058 2270 391 75 1566 1564 2269 2271 388 2267 2266 
34 5
1613 3266 3267 1612 1611 1610 396 2274 206 3265 2844 213 2273 1609 1066 145 3264 1607 1065 2268 1608 3262 3263 1058 2270 391 77 1606 1604 2269 2271 388 2267 2266 
25 5
1660 3304 2839 1659 1058 3302 3303 2269 2271 1658 1657 390 230 3301 209 1656 2111 2267 210 211 3300 2112 1655 208 3287 
36 5
2521 692 690 396 2520 2272 213 2273 689 394 145 2519 687 393 392 688 2516 2517 2270 2271 2268 2269 2518 17 686 664 388 230 391 390 2515 33 211 2266 210 2267 
34 5
2577 754 2575 2576 753 752 2512 36 2574 386 751 2264 2265 2572 2573 385 381 750 749 384 328 2262 322 2571 745 748 2570 383 353 327 300 380 2201 295 
34 5
2620 804 2618 2619 803 802 2512 38 2617 386 801 2264 2265 2615 2616 385 381 800 799 384 328 2262 322 2614 795 798 2613 383 353 327 300 380 2201 295 
34 5
2641 829 2639 2640 828 827 2512 39 2638 386 826 2264 2265 2636 2637 385 381 825 824 384 328 2262 322 2635 817 823 2634 383 353 327 300 380 2201 295 
29 5
2658 848 2656 2657 847 846 2655 842 845 2654 2650 2651 2652 2653 841 840 844 843 2207 2649 169 136 2635 2634 168 2628 823 817 135 
34 5
2706 904 2704 2705 903 902 2512 42 2703 386 901 2264 2265 2701 2702 385 381 900 899 384 328 2262 322 2700 895 898 2699 383 353 327 300 380 2201 295 
34 5
2727 929 2725 2726 928 927 2512 43 2724 386 926 2264 2265 2722 2723 385 381 925 924 384 328 2262 322 2721 917 923 2720 383 353 327 300 380 2201 295 
29 5
2744 948 2742 2743 947 946 2741 942 945 2740 2736 2737 2738 2739 941 940 944 943 2179 2735 173 140 2721 2720 172 2714 923 917 139 
34 5
2770 979 2768 2769 978 977 2512 45 2767 386 976 2264 2265 2765 2766 385 381 975 974 384 328 2262 322 2764 964 973 2763 383 353 327 300 380 2201 295 
29 5
2787 998 2785 2786 997 996 2784 992 995 2783 2779 2780 2781 2782 991 990 994 993 2165 2778 175 142 2764 2763 174 2755 973 964 141 
33 5
2808 1023 2806 2807 1022 1021 2805 1014 1020 2804 2799 2800 2803 1017 1013 1012 1019 2801 2802 2160 2798 176 143 1018 2764 1016 1015 2783 2763 973 993 175 2778 
27 5
2825 1042 2822 2823 1041 1040 2805 2804 176 2798 1020 1014 143 2803 1017 2799 2800 1019 2801 2802 1013 1012 1018 2764 1016 1015 2160 
34 5
3186 1507 3185 1505 1506 3183 3184 391 72 1504 1502 2267 2266 1503 388 3182 2839 211 210 2512 104 1501 1058 386 3180 3181 2269 2271 2264 2265 1500 1499 390 230 
34 5
3248 1587 3247 1585 1586 3245 3246 391 76 1584 1582 2267 2266 1583 388 3244 2839 211 210 2512 108 1581 1058 386 3242 3243 2269 2271 2264 2265 1580 1579 390 230 
34 5
3279 1627 3278 1625 1626 3276 3277 391 78 1624 1622 2267 2266 1623 388 3275 2839 211 210 2512 110 1621 1058 386 3273 3274 2269 2271 2264 2265 1620 1619 390 230 
34 5
3294 1647 3293 1645 1646 3291 3292 391 79 1644 1642 2267 2266 1643 388 3290 2839 211 210 2512 111 1641 1058 386 3288 3289 2269 2271 2264 2265 1640 1639 390 230 
25 5
3323 1686 3322 396 1684 213 2273 3320 3321 145 1683 1682 3319 2272 394 210 1681 393 392 1680 1678 2270 2271 2268 2269 
25 5
3337 1702 3336 396 1700 213 2273 3334 3335 145 1699 1698 3333 2272 394 211 1697 393 392 3332 1694 2270 2271 2268 2269 
33 6
759 2581 2272 758 394 2580 756 393 392 757 2578 2579 2270 2271 2268 2269 2518 20 755 742 388 230 391 390 2577 36 211 2266 210 2267 754 2575 2576 
33 6
809 2624 2272 808 394 2623 806 393 392 807 2621 2622 2270 2271 2268 2269 2518 22 805 792 388 230 391 390 2620 38 211 2266 210 2267 804 2618 2619 
33 6
834 2645 2272 833 394 2644 831 393 392 832 2642 2643 2270 2271 2268 2269 2518 23 830 814 388 230 391 390 2641 39 211 2266 210 2267 829 2639 2640 
33 6
909 2710 2272 908 394 2709 906 393 392 907 2707 2708 2270 2271 2268 2269 2518 26 905 892 388 230 391 390 2706 42 211 2266 210 2267 904 2704 2705 
33 6
934 2731 2272 933 394 2730 931 393 392 932 2728 2729 2270 2271 2268 2269 2518 27 930 914 388 230 391 390 2727 43 211 2266 210 2267 929 2725 2726 
33 6
984 2774 2272 983 394 2773 981 393 392 982 2771 2772 2270 2271 2268 2269 2518 29 980 961 388 230 391 390 2770 45 211 2266 210 2267 979 2768 2769 
23 6
1513 3189 0 1511 3187 3188 1510 1509 1508 396 2274 201 3186 2844 213 2273 1507 1066 145 3185 1505 1065 2268 
23 6
1593 3251 0 1591 3249 3250 1590 1589 1588 396 2274 205 3248 2844 213 2273 1587 1066 145 3247 1585 1065 2268 
23 6
1633 3282 0 1631 3280 3281 1630 1629 1628 396 2274 207 3279 2844 213 2273 1627 1066 145 3278 1625 1065 2268 
23 6
1653 3297 0 1651 3295 3296 1650 1649 1648 396 2274 208 3294 2844 213 2273 1647 1066 145 3293 1645 1065 2268 
38 6
1668 1666 396 3308 2844 213 2273 1665 1066 145 3307 1663 1065 2268 1664 3305 3306 1058 2270 391 80 1662 1660 2269 2271 388 2267 2266 1661 3304 2839 390 230 211 210 2512 112 1659 
28 6
2543 715 2541 2542 714 713 712 396 2274 163 2540 2272 213 2273 711 394 145 2539 709 393 392 710 2537 2538 2270 2271 2268 2269 
28 6
2564 740 2562 2563 739 738 737 396 2274 164 2561 2272 213 2273 736 394 145 2560 734 393 392 735 2558 2559 2270 2271 2268 2269 
28 6
2607 790 2605 2606 789 788 787 396 2274 166 2604 2272 213 2273 786 394 145 2603 784 393 392 785 2601 2602 2270 2271 2268 2269 
23 6
2662 852 2661 388 851 211 2266 2659 2660 210 850 849 2512 40 2658 386 848 2264 2265 2656 2657 385 381 
28 6
2693 890 2691 2692 889 888 887 396 2274 170 2690 2272 213 2273 886 394 145 2689 884 393 392 885 2687 2688 2270 2271 2268 2269 
23 6
2748 952 2747 388 951 211 2266 2745 2746 210 950 949 2512 44 2744 386 948 2264 2265 2742 2743 385 381 
23 6
2791 1002 2790 388 1001 211 2266 2788 2789 210 1000 999 2512 46 2787 386 998 2264 2265 2785 2786 385 381 
23 6
2812 1027 2811 388 1026 211 2266 2809 2810 210 1025 1024 2512 47 2808 386 1023 2264 2265 2806 2807 385 381 
69 6
2830 1046 2828 386 1045 2264 2265 2826 2827 385 381 1044 1043 384 328 2262 322 2825 1039 1042 2824 383 353 327 300 380 2201 295 2820 2821 2822 2823 382 364 352 339 326 311 299 286 2261 321 2173 282 1038 1037 1041 1040 2263 2254 2243 2237 2231 2223 2217 2211 2205 2195 2189 2183 2177 2169 2163 2157 379 2200 294 2158 2159 
31 7
1052 2834 1050 1051 2832 2833 2518 32 1049 1036 392 2831 388 230 48 2268 2269 1048 211 2266 210 391 390 2829 2830 2267 1047 1046 2512 2828 386 
21 7
1672 3312 3313 1671 1670 3311 0 209 2848 1669 3309 3310 1668 1667 1666 396 2274 3308 2844 213 2273 
36 7
2666 858 856 396 2665 2272 213 2273 855 394 145 2664 853 393 392 854 2662 2663 2270 2271 2268 2269 2518 24 852 839 388 230 391 390 2661 40 211 2266 210 2267 
36 7
2752 958 956 396 2751 2272 213 2273 955 394 145 2750 953 393 392 954 2748 2749 2270 2271 2268 2269 2518 28 952 939 388 230 391 390 2747 44 211 2266 210 2267 
36 7
2795 1008 1006 396 2794 2272 213 2273 1005 394 145 2793 1003 393 392 1004 2791 2792 2270 2271 2268 2269 2518 30 1002 989 388 230 391 390 2790 46 211 2266 210 2267 
36 7
2816 1033 1031 396 2815 2272 213 2273 1030 394 145 2814 1028 393 392 1029 2812 2813 2270 2271 2268 2269 2518 31 1027 1011 388 230 391 390 2811 47 211 2266 210 2267 
28 8
2838 1056 2836 2837 1055 1054 1053 396 2274 177 2835 2272 213 2273 1052 394 145 2834 1050 393 392 1051 2832 2833 2270 2271 2268 2269 
